9.523810e-02;-1.215855e-17
1.893167e-02;-5.538618e-02
-7.104494e-02;-9.600416e-02
-7.104494e-02;-9.600416e-02
-2.333111e-01;-1.352002e-02
-2.964127e-01;-5.161641e-02
-2.964127e-01;-5.161641e-02
-3.801674e-01;-7.085583e-02
-4.625538e-01;-4.724707e-02
-4.625538e-01;-4.724707e-02
-5.022070e-01;-6.332032e-02
-5.639322e-01;-1.345038e-01
-5.639322e-01;-1.345038e-01
-6.442503e-01;-1.295443e-01
-6.847006e-01;-1.859178e-01
-6.847006e-01;-1.859178e-01
-3.027895e-01;4.211545e-01
-4.163436e-01;3.364312e-01
-5.665838e-01;2.619645e-01
-1.272143e-01;6.271906e-01
-1.965014e-01;6.454147e-01
-2.766230e-01;7.016160e-01
3.417640e-01;6.097290e-01
2.060514e-01;6.346052e-01
1.222859e-01;6.286083e-01
2.808821e-01;7.520443e-01
2.830887e-01;8.144665e-01
3.354492e-01;8.339963e-01
3.354492e-01;8.339963e-01
3.959477e-01;8.078532e-01
3.700162e-01;8.562902e-01
3.700162e-01;8.562902e-01
3.810091e-01;8.761660e-01
4.213685e-01;8.338753e-01
4.213685e-01;8.338753e-01
3.503528e-01;9.610853e-01
3.514128e-01;1.000000e+00
3.514128e-01;1.000000e+00
4.130751e-01;8.927046e-01
4.070273e-01;8.759481e-01
4.070273e-01;8.759481e-01
3.351380e-01;7.626491e-01
3.823518e-01;5.752669e-01
4.722770e-01;4.179324e-01
2.904953e-01;3.779099e-02
2.342844e-01;1.891358e-01
2.248173e-01;1.905921e-01
-1.562090e-01;1.416029e-01
-8.606261e-02;1.072672e-01
-1.355822e-01;-1.129684e-02
-1.571842e-02;-6.681083e-02
-3.749005e-02;-5.830162e-02
-1.082896e-01;6.124907e-02
-1.082896e-01;6.124907e-02
-6.952517e-02;-2.473655e-02
-1.726211e-02;-9.309173e-02
-1.726211e-02;-9.309173e-02
-3.561095e-06;-9.869756e-02
-5.713443e-02;-6.216998e-04
-5.713443e-02;-6.216998e-04
