9.523810e-02;5.792737e-18
-1.319078e-02;1.563120e-02
-1.241023e-01;2.634754e-02
-1.241023e-01;2.634754e-02
-2.411663e-01;4.513770e-02
-3.614954e-01;1.029310e-01
-3.614954e-01;1.029310e-01
-4.956248e-01;1.201908e-01
-6.026918e-01;1.151353e-01
-6.026918e-01;1.151353e-01
-6.345790e-01;1.047186e-01
-6.774343e-01;1.386178e-01
-6.774343e-01;1.386178e-01
-7.310211e-01;1.668101e-01
-7.626610e-01;1.692104e-01
-7.626610e-01;1.692104e-01
-4.674352e-01;1.266051e-01
-5.888502e-01;1.438130e-01
-6.866517e-01;2.086704e-01
-4.285627e-01;-3.501551e-02
-4.941089e-01;-2.243046e-02
-6.496413e-01;1.806550e-02
1.000000e+00;-6.024955e-01
7.160271e-01;-6.109283e-01
6.311604e-01;-5.953049e-01
7.588399e-01;-6.457295e-01
8.135624e-01;-7.011385e-01
8.799616e-01;-8.239346e-01
8.799616e-01;-8.239346e-01
9.315754e-01;-8.696302e-01
1.000000e+00;-9.609058e-01
1.000000e+00;-9.609058e-01
1.000000e+00;-8.527775e-01
1.000000e+00;-7.951982e-01
1.000000e+00;-7.951982e-01
9.748793e-01;-7.834626e-01
8.828579e-01;-6.215585e-01
8.828579e-01;-6.215585e-01
8.716952e-01;-5.464826e-01
8.178242e-01;-3.962341e-01
8.178242e-01;-3.962341e-01
7.330900e-01;-4.453848e-01
7.852243e-01;-4.596121e-01
8.007980e-01;-5.519993e-01
7.760789e-01;-1.366192e-02
7.706438e-01;-2.248227e-02
7.953697e-01;-5.976043e-02
-2.974790e-01;5.862427e-01
-8.664470e-02;6.783018e-01
-5.359794e-02;6.956880e-01
-1.422308e-01;7.624110e-01
-1.362385e-01;7.968372e-01
-1.631215e-01;9.430916e-01
-1.631215e-01;9.430916e-01
-2.568313e-01;1.000000e+00
-2.980249e-01;9.497975e-01
-2.980249e-01;9.497975e-01
-2.831664e-01;9.095761e-01
-3.272861e-01;9.550025e-01
-3.272861e-01;9.550025e-01
