9.523810e-02;1.196495e-17
-3.144021e-03;-5.230657e-03
-1.051191e-01;-1.542806e-02
-1.051191e-01;-1.542806e-02
-2.096635e-01;-1.943257e-02
-3.230108e-01;-2.747176e-02
-3.230108e-01;-2.747176e-02
-4.017403e-01;-4.905896e-02
-4.520697e-01;-5.161911e-02
-4.520697e-01;-5.161911e-02
-5.277877e-01;-2.269788e-03
-5.443733e-01;-7.968891e-03
-5.443733e-01;-7.968891e-03
-5.926062e-01;-1.763480e-01
-6.756846e-01;-2.202151e-01
-6.756846e-01;-2.202151e-01
-2.806978e-01;-3.717720e-01
-3.935945e-01;-3.722918e-01
-5.430404e-01;-3.920134e-01
-2.888450e-01;-1.084474e-01
-3.980687e-01;-1.915648e-01
-5.219851e-01;-1.420135e-01
-1.738781e-01;-2.855700e-01
-2.529974e-01;-2.303768e-01
-3.323830e-01;-1.779362e-01
-1.824818e-01;-2.667358e-01
-1.240737e-01;-2.952825e-01
-8.131000e-02;-2.462199e-01
-8.131000e-02;-2.462199e-01
-8.831284e-03;-2.618908e-01
-3.329667e-02;-3.228580e-01
-3.329667e-02;-3.228580e-01
-2.911945e-02;-2.170184e-01
-1.013888e-01;-3.449314e-02
-1.013888e-01;-3.449314e-02
-1.682798e-01;8.002960e-02
-3.640655e-01;2.648496e-01
-3.640655e-01;2.648496e-01
-3.549311e-01;4.274031e-01
-3.235289e-01;5.249769e-01
-3.235289e-01;5.249769e-01
-2.951333e-01;5.903424e-01
-2.696450e-01;5.386259e-01
-2.776048e-01;4.435416e-01
1.845063e-01;-7.081504e-01
2.022062e-01;-5.291871e-01
2.264197e-01;-5.708759e-01
5.225646e-02;-1.772510e-01
9.696873e-02;-2.523557e-01
1.266064e-01;-3.133313e-01
2.679081e-01;-5.537109e-01
2.321989e-01;-4.751061e-01
1.697718e-01;-4.777378e-01
1.697718e-01;-4.777378e-01
-5.307820e-02;-1.420742e-01
-1.009866e-02;6.655424e-03
-1.009866e-02;6.655424e-03
-3.322079e-02;-1.047172e-01
2.799108e-02;-3.476788e-01
2.799108e-02;-3.476788e-01
