9.523810e-02;1.112082e-17
-1.052713e-02;-3.137447e-03
-1.220315e-01;-1.612949e-02
-1.220315e-01;-1.612949e-02
-2.307566e-01;1.063423e-02
-3.665938e-01;1.695322e-02
-3.665938e-01;1.695322e-02
-4.487812e-01;6.066940e-02
-5.311775e-01;1.661772e-01
-5.311775e-01;1.661772e-01
-5.817675e-01;2.026085e-01
-6.322032e-01;2.109000e-01
-6.322032e-01;2.109000e-01
-6.689483e-01;1.809789e-01
-7.677840e-01;2.600964e-01
-7.677840e-01;2.600964e-01
-3.665314e-01;5.868243e-01
-5.014718e-01;5.205649e-01
-5.651092e-01;5.573357e-01
-6.127239e-02;-1.385321e-01
-1.419297e-01;-1.809193e-01
-2.099318e-01;-3.206877e-01
3.989236e-02;-4.133513e-01
-6.905055e-03;-4.309611e-01
-1.116956e-01;-5.555898e-01
-5.024963e-02;-3.544067e-01
6.130748e-03;-3.241812e-01
-1.741082e-01;-6.937590e-02
-1.741082e-01;-6.937590e-02
-2.437626e-01;-3.010581e-02
-2.166925e-01;-5.242123e-02
-2.166925e-01;-5.242123e-02
-2.411685e-01;2.210244e-02
-2.779779e-01;-7.165673e-02
-2.779779e-01;-7.165673e-02
-3.087134e-01;-1.380690e-01
-2.908522e-01;-2.751379e-01
-2.908522e-01;-2.751379e-01
-3.169041e-01;-2.207392e-01
-4.109634e-01;-2.269038e-01
-4.109634e-01;-2.269038e-01
-4.448761e-01;-6.492768e-01
-4.190928e-01;-5.257075e-01
-4.511564e-01;-5.456274e-01
-7.043727e-01;2.542312e-01
-7.337623e-01;3.996286e-01
-8.122581e-01;7.259384e-01
-2.459141e-01;4.168955e-01
-3.724110e-01;5.368325e-01
-3.623902e-01;7.167851e-01
-3.477889e-01;4.593509e-01
-3.360867e-01;4.352952e-01
-9.160593e-02;2.231568e-01
-9.160593e-02;2.231568e-01
6.567591e-02;1.100340e-01
1.444573e-01;1.095136e-02
1.444573e-01;1.095136e-02
1.862637e-01;-5.284620e-02
2.257440e-01;3.065167e-02
2.257440e-01;3.065167e-02
