9.523810e-02;-7.341598e-18
2.790340e-02;-6.041695e-02
-3.870865e-02;-1.321556e-01
-3.870865e-02;-1.321556e-01
-1.242029e-01;-1.427670e-01
-2.090868e-01;-2.201963e-01
-2.090868e-01;-2.201963e-01
-3.136221e-01;-2.975035e-01
-6.461005e-01;-3.695906e-01
-6.461005e-01;-3.695906e-01
-7.877264e-01;-4.232640e-01
-1.000000e+00;-8.089031e-01
-1.000000e+00;-8.089031e-01
-1.000000e+00;-9.949374e-01
-1.000000e+00;-1.000000e+00
-1.000000e+00;-1.000000e+00
-4.142723e-01;-1.000000e+00
-5.355668e-01;-9.830071e-01
-5.752587e-01;-1.000000e+00
-3.729713e-01;-9.483026e-01
-4.431222e-01;-9.387196e-01
-4.957653e-01;-9.128720e-01
-3.247470e-01;-8.235819e-01
-3.706689e-01;-8.793479e-01
-4.179312e-01;-8.967298e-01
-3.263341e-01;-8.768563e-01
-3.686377e-01;-8.292035e-01
-3.693344e-01;-8.825707e-01
-3.693344e-01;-8.825707e-01
-3.657356e-01;-9.179669e-01
-3.569417e-01;-8.604694e-01
-3.569417e-01;-8.604694e-01
-3.276250e-01;-8.276199e-01
-1.824623e-01;-6.881905e-01
-1.824623e-01;-6.881905e-01
-1.290961e-01;-6.300400e-01
-8.799205e-03;-3.470770e-01
-8.799205e-03;-3.470770e-01
1.628874e-01;-2.031048e-01
2.865347e-01;-1.052463e-01
2.865347e-01;-1.052463e-01
-1.238838e-01;1.635857e-01
-2.264933e-02;5.941679e-02
-4.213739e-02;4.027547e-02
5.802450e-02;8.050719e-01
8.569948e-02;7.536945e-01
3.649465e-02;7.585711e-01
5.186252e-02;1.000000e+00
6.990941e-02;1.000000e+00
8.020946e-02;1.000000e+00
9.881482e-02;8.233127e-01
1.253329e-01;8.879474e-01
1.145099e-01;1.000000e+00
1.145099e-01;1.000000e+00
1.047686e-01;1.000000e+00
8.772027e-02;9.517857e-01
8.772027e-02;9.517857e-01
4.672328e-02;9.898230e-01
3.942523e-02;9.405961e-01
3.942523e-02;9.405961e-01
