9.523810e-02;6.652355e-18
-2.235365e-02;3.563670e-02
-1.526224e-01;8.704835e-02
-1.526224e-01;8.704835e-02
-2.718647e-01;1.715570e-01
-3.641170e-01;2.368762e-01
-3.641170e-01;2.368762e-01
-4.533316e-01;2.053279e-01
-5.984919e-01;3.541862e-01
-5.984919e-01;3.541862e-01
-7.008983e-01;4.781593e-01
-9.127623e-01;8.255859e-01
-9.127623e-01;8.255859e-01
-1.000000e+00;9.393621e-01
-1.000000e+00;1.000000e+00
-1.000000e+00;1.000000e+00
-2.239425e-01;4.140927e-02
-2.862377e-01;1.045061e-01
-3.823735e-01;9.798102e-02
6.256901e-02;-1.338966e-01
-7.064683e-02;2.979939e-02
-1.568655e-01;1.104326e-01
3.810233e-01;-6.282704e-01
2.347904e-01;-6.665748e-01
1.626569e-01;-6.474046e-01
3.464978e-01;-1.000000e+00
3.633072e-01;-9.457466e-01
3.707785e-01;-9.451210e-01
3.707785e-01;-9.451210e-01
3.922162e-01;-9.009681e-01
3.837531e-01;-9.190877e-01
3.837531e-01;-9.190877e-01
3.720583e-01;-8.455390e-01
3.874958e-01;-9.050261e-01
3.874958e-01;-9.050261e-01
3.799490e-01;-8.972370e-01
4.746041e-01;-1.000000e+00
4.746041e-01;-1.000000e+00
4.695111e-01;-1.000000e+00
4.860360e-01;-1.000000e+00
4.860360e-01;-1.000000e+00
1.364628e-01;-3.231622e-01
5.923733e-02;-2.619091e-01
9.599213e-02;-2.244852e-01
-1.825577e-01;-1.817020e-01
-9.488247e-02;-2.628116e-01
-6.222606e-02;-2.996442e-01
-4.811636e-01;2.028293e-01
-3.791596e-01;2.463214e-01
-3.561930e-01;2.419844e-01
-5.087180e-01;5.694350e-01
-4.759902e-01;5.274159e-01
-4.041206e-01;5.070902e-01
-4.041206e-01;5.070902e-01
-3.675301e-01;4.297820e-01
-4.026653e-01;3.621096e-01
-4.026653e-01;3.621096e-01
-3.763971e-01;3.152217e-01
-3.185611e-01;2.599230e-01
-3.185611e-01;2.599230e-01
