9.523810e-02;1.620882e-17
4.899485e-03;-2.656989e-02
-8.687709e-02;-5.958929e-02
-8.687709e-02;-5.958929e-02
-2.571076e-01;8.889172e-02
-3.967855e-01;2.046337e-01
-3.967855e-01;2.046337e-01
-5.467930e-01;2.832772e-01
-6.101875e-01;3.427080e-01
-6.101875e-01;3.427080e-01
-7.198289e-01;4.995031e-01
-7.671968e-01;5.527779e-01
-7.671968e-01;5.527779e-01
-8.860771e-01;6.718973e-01
-9.911498e-01;7.280004e-01
-9.911498e-01;7.280004e-01
-6.337262e-01;7.420389e-01
-7.503575e-01;7.910227e-01
-8.131673e-01;7.947232e-01
-1.217594e-01;3.363428e-01
-3.672466e-01;5.994626e-01
-5.030026e-01;6.812522e-01
-3.475574e-02;9.751578e-01
-1.821165e-01;1.000000e+00
-3.579519e-01;9.935770e-01
-2.520509e-02;1.000000e+00
-2.415650e-02;9.884978e-01
6.805020e-03;9.503247e-01
6.805020e-03;9.503247e-01
1.269836e-01;8.054542e-01
2.067406e-01;7.324906e-01
2.067406e-01;7.324906e-01
2.960170e-01;6.203314e-01
2.412317e-01;6.360451e-01
2.412317e-01;6.360451e-01
2.966674e-01;5.138243e-01
1.945926e-01;5.134720e-01
1.945926e-01;5.134720e-01
2.543183e-01;3.845865e-01
2.256374e-01;3.469261e-01
2.256374e-01;3.469261e-01
3.276553e-01;2.383281e-01
3.767568e-01;1.723436e-01
2.349959e-01;2.821016e-01
1.987305e-01;1.117716e-01
2.079029e-01;1.469568e-01
1.942952e-01;1.922109e-01
8.771286e-02;-2.659108e-01
1.363427e-01;-3.259175e-01
2.328846e-01;-3.431450e-01
4.925303e-02;-7.851685e-01
9.608415e-02;-7.359022e-01
1.088502e-01;-6.641398e-01
1.088502e-01;-6.641398e-01
3.153855e-02;-6.309776e-01
-5.386039e-02;-5.466997e-01
-5.386039e-02;-5.466997e-01
-9.921742e-02;-5.031363e-01
-1.231329e-01;-4.259799e-01
-1.231329e-01;-4.259799e-01
