9.523810e-02;-8.441288e-19
-2.868301e-01;5.618223e-01
-8.648786e-01;1.000000e+00
-8.648786e-01;1.000000e+00
-1.000000e+00;1.000000e+00
-1.000000e+00;1.000000e+00
-1.000000e+00;1.000000e+00
-1.000000e+00;1.000000e+00
-1.000000e+00;1.000000e+00
-1.000000e+00;1.000000e+00
-1.000000e+00;9.950701e-01
-1.000000e+00;1.000000e+00
-1.000000e+00;1.000000e+00
-1.000000e+00;1.000000e+00
-1.000000e+00;1.000000e+00
-1.000000e+00;1.000000e+00
-9.129653e-01;9.748215e-01
-9.362402e-01;9.867040e-01
-9.868062e-01;9.826109e-01
-8.449456e-01;1.000000e+00
-8.762557e-01;9.514728e-01
-9.009736e-01;9.322904e-01
-8.299911e-01;9.505634e-01
-8.544658e-01;9.494501e-01
-8.806423e-01;9.454021e-01
-8.247383e-01;9.815367e-01
-7.251712e-01;8.758095e-01
-5.669084e-01;7.144796e-01
-5.669084e-01;7.144796e-01
-4.271755e-01;5.555775e-01
-4.125554e-01;5.191081e-01
-4.125554e-01;5.191081e-01
-2.667566e-01;3.723328e-01
-1.522234e-01;2.420223e-01
-1.522234e-01;2.420223e-01
-1.617180e-01;2.375059e-01
-1.594525e-01;1.683364e-01
-1.594525e-01;1.683364e-01
-9.869708e-02;7.977912e-02
-5.597170e-02;1.906939e-02
-5.597170e-02;1.906939e-02
-3.244190e-02;9.938152e-02
-2.827501e-02;8.494619e-02
-2.339541e-02;1.132986e-01
-7.939908e-02;2.571298e-02
-6.345225e-02;7.218550e-02
-7.627970e-02;1.223122e-01
-3.216898e-03;1.514710e-02
-3.241738e-04;1.884128e-02
1.227048e-02;2.010376e-02
-2.154517e-02;-1.073069e-02
-1.182769e-02;-2.560920e-02
-4.531586e-03;-4.985272e-02
-4.531586e-03;-4.985272e-02
-9.541606e-03;-5.131384e-02
-3.115990e-02;5.893823e-03
-3.115990e-02;5.893823e-03
-2.039558e-01;1.792984e-01
-2.946183e-01;2.591465e-01
-2.946183e-01;2.591465e-01
