7.728691e-02;-2.383192e-01
7.728691e-02;-2.383192e-01
7.728691e-02;-2.383192e-01
7.728691e-02;-2.383192e-01
7.728691e-02;-2.383192e-01
7.728691e-02;-2.383192e-01
6.561980e-02;-2.702598e-01
6.561980e-02;-2.702598e-01
6.561980e-02;-2.702598e-01
6.561980e-02;-2.702598e-01
6.561980e-02;-2.702598e-01
6.561980e-02;-2.702598e-01
5.156716e-02;-4.507856e-01
5.156716e-02;-4.507856e-01
5.156716e-02;-4.507856e-01
5.156716e-02;-4.507856e-01
5.156716e-02;-4.507856e-01
5.156716e-02;-4.507856e-01
5.134023e-01;-6.992294e-01
5.134023e-01;-6.992294e-01
5.134023e-01;-6.992294e-01
5.134023e-01;-6.992294e-01
4.959252e-01;-7.896474e-01
4.959252e-01;-7.896474e-01
4.959252e-01;-7.896474e-01
4.959252e-01;-7.896474e-01
4.959252e-01;-7.896474e-01
4.959252e-01;-7.896474e-01
4.833388e-01;-9.249740e-01
4.833388e-01;-9.249740e-01
4.833388e-01;-9.249740e-01
4.833388e-01;-9.249740e-01
4.833388e-01;-9.249740e-01
4.833388e-01;-9.249740e-01
4.058057e-01;-8.784757e-01
4.058057e-01;-8.784757e-01
4.058057e-01;-8.784757e-01
4.058057e-01;-8.784757e-01
4.058057e-01;-8.784757e-01
4.058057e-01;-8.784757e-01
3.887944e-01;-9.653366e-01
3.887944e-01;-9.653366e-01
3.887944e-01;-9.653366e-01
3.887944e-01;-9.653366e-01
3.577628e-01;-1.000000e+00
3.577628e-01;-1.000000e+00
3.381672e-01;-5.057554e-02
3.381672e-01;-5.057554e-02
3.381672e-01;-5.057554e-02
3.381672e-01;-5.057554e-02
2.179048e-01;4.107617e-01
2.179048e-01;4.107617e-01
2.179048e-01;4.107617e-01
2.179048e-01;4.107617e-01
2.179048e-01;4.107617e-01
2.179048e-01;4.107617e-01
2.042873e-01;-5.948901e-01
2.042873e-01;-5.948901e-01
2.042873e-01;-5.948901e-01
2.042873e-01;-5.948901e-01
2.042873e-01;-5.948901e-01
2.042873e-01;-5.948901e-01
-7.980802e-02;1.127962e-01
-7.980802e-02;1.127962e-01
-7.980802e-02;1.127962e-01
-7.980802e-02;1.127962e-01
-7.980802e-02;1.127962e-01
-7.980802e-02;1.127962e-01
-4.982346e-01;1.000000e+00
-4.982346e-01;1.000000e+00
-4.982346e-01;1.000000e+00
-4.982346e-01;1.000000e+00
-5.001606e-01;9.695105e-01
-5.001606e-01;9.695105e-01
-5.001606e-01;9.695105e-01
-5.001606e-01;9.695105e-01
-5.001606e-01;9.695105e-01
-5.001606e-01;9.695105e-01
-5.715101e-01;1.000000e+00
-5.715101e-01;1.000000e+00
-5.715101e-01;1.000000e+00
-5.715101e-01;1.000000e+00
-5.715101e-01;1.000000e+00
-5.715101e-01;1.000000e+00
-5.098947e-01;9.818929e-01
-5.098947e-01;9.818929e-01
-5.098947e-01;9.818929e-01
-5.098947e-01;9.818929e-01
-5.098947e-01;9.818929e-01
-5.098947e-01;9.818929e-01
-5.342270e-01;8.547492e-01
-5.342270e-01;8.547492e-01
-5.342270e-01;8.547492e-01
-5.342270e-01;8.547492e-01
-5.463166e-01;8.000507e-01
-5.463166e-01;8.000507e-01
-3.290060e-01;6.923028e-01
-3.290060e-01;6.923028e-01
-3.290060e-01;6.923028e-01
-3.290060e-01;6.923028e-01
-1.516919e-01;6.298527e-01
-1.516919e-01;6.298527e-01
-1.516919e-01;6.298527e-01
-1.516919e-01;6.298527e-01
-1.516919e-01;6.298527e-01
-1.516919e-01;6.298527e-01
-2.158527e-01;8.089890e-01
-2.158527e-01;8.089890e-01
-2.158527e-01;8.089890e-01
-2.158527e-01;8.089890e-01
-2.158527e-01;8.089890e-01
-2.158527e-01;8.089890e-01
-3.505174e-02;7.538995e-01
-3.505174e-02;7.538995e-01
-3.505174e-02;7.538995e-01
-3.505174e-02;7.538995e-01
-3.505174e-02;7.538995e-01
-3.505174e-02;7.538995e-01
1.038925e-01;-2.261614e-01
1.038925e-01;-2.261614e-01
1.038925e-01;-2.261614e-01
1.038925e-01;-2.261614e-01
5.634997e-02;-1.681840e-01
5.634997e-02;-1.681840e-01
5.634997e-02;-1.681840e-01
5.634997e-02;-1.681840e-01
5.634997e-02;-1.681840e-01
5.634997e-02;-1.681840e-01
1.219146e-01;-1.927810e-01
1.219146e-01;-1.927810e-01
1.219146e-01;-1.927810e-01
1.219146e-01;-1.927810e-01
1.219146e-01;-1.927810e-01
1.219146e-01;-1.927810e-01
1.230831e-01;-2.021452e-01
1.230831e-01;-2.021452e-01
7.728691e-02;-2.383192e-01
7.728691e-02;-2.383192e-01
7.728691e-02;-2.383192e-01
7.728691e-02;-2.383192e-01
7.728691e-02;-2.383192e-01
7.728691e-02;-2.383192e-01
6.561980e-02;-2.702598e-01
6.561980e-02;-2.702598e-01
6.561980e-02;-2.702598e-01
6.561980e-02;-2.702598e-01
6.561980e-02;-2.702598e-01
6.561980e-02;-2.702598e-01
5.156716e-02;-4.507856e-01
5.156716e-02;-4.507856e-01
5.156716e-02;-4.507856e-01
5.156716e-02;-4.507856e-01
5.156716e-02;-4.507856e-01
5.156716e-02;-4.507856e-01
5.134023e-01;-6.992294e-01
5.134023e-01;-6.992294e-01
5.134023e-01;-6.992294e-01
5.134023e-01;-6.992294e-01
4.959252e-01;-7.896474e-01
4.959252e-01;-7.896474e-01
4.959252e-01;-7.896474e-01
4.959252e-01;-7.896474e-01
4.959252e-01;-7.896474e-01
4.959252e-01;-7.896474e-01
4.833388e-01;-9.249740e-01
4.833388e-01;-9.249740e-01
4.833388e-01;-9.249740e-01
4.833388e-01;-9.249740e-01
4.833388e-01;-9.249740e-01
4.833388e-01;-9.249740e-01
4.058057e-01;-8.784757e-01
4.058057e-01;-8.784757e-01
4.058057e-01;-8.784757e-01
4.058057e-01;-8.784757e-01
4.058057e-01;-8.784757e-01
4.058057e-01;-8.784757e-01
3.887944e-01;-9.653366e-01
3.887944e-01;-9.653366e-01
3.887944e-01;-9.653366e-01
3.887944e-01;-9.653366e-01
3.577628e-01;-1.000000e+00
3.577628e-01;-1.000000e+00
3.381672e-01;-5.057554e-02
3.381672e-01;-5.057554e-02
3.381672e-01;-5.057554e-02
3.381672e-01;-5.057554e-02
2.179048e-01;4.107617e-01
2.179048e-01;4.107617e-01
2.179048e-01;4.107617e-01
2.179048e-01;4.107617e-01
2.179048e-01;4.107617e-01
2.179048e-01;4.107617e-01
2.042873e-01;-5.948901e-01
2.042873e-01;-5.948901e-01
2.042873e-01;-5.948901e-01
2.042873e-01;-5.948901e-01
2.042873e-01;-5.948901e-01
2.042873e-01;-5.948901e-01
-7.980802e-02;1.127962e-01
-7.980802e-02;1.127962e-01
-7.980802e-02;1.127962e-01
-7.980802e-02;1.127962e-01
-7.980802e-02;1.127962e-01
-7.980802e-02;1.127962e-01
-4.982346e-01;1.000000e+00
-4.982346e-01;1.000000e+00
-4.982346e-01;1.000000e+00
-4.982346e-01;1.000000e+00
-5.001606e-01;9.695105e-01
-5.001606e-01;9.695105e-01
-5.001606e-01;9.695105e-01
-5.001606e-01;9.695105e-01
-5.001606e-01;9.695105e-01
-5.001606e-01;9.695105e-01
-5.715101e-01;1.000000e+00
-5.715101e-01;1.000000e+00
-5.715101e-01;1.000000e+00
-5.715101e-01;1.000000e+00
-5.715101e-01;1.000000e+00
-5.715101e-01;1.000000e+00
-5.098947e-01;9.818929e-01
-5.098947e-01;9.818929e-01
-5.098947e-01;9.818929e-01
-5.098947e-01;9.818929e-01
-5.098947e-01;9.818929e-01
-5.098947e-01;9.818929e-01
-5.342270e-01;8.547492e-01
-5.342270e-01;8.547492e-01
-5.342270e-01;8.547492e-01
-5.342270e-01;8.547492e-01
-5.463166e-01;8.000507e-01
-5.463166e-01;8.000507e-01
-3.290060e-01;6.923028e-01
-3.290060e-01;6.923028e-01
-3.290060e-01;6.923028e-01
-3.290060e-01;6.923028e-01
-1.516919e-01;6.298527e-01
-1.516919e-01;6.298527e-01
-1.516919e-01;6.298527e-01
-1.516919e-01;6.298527e-01
-1.516919e-01;6.298527e-01
-1.516919e-01;6.298527e-01
-2.158527e-01;8.089890e-01
-2.158527e-01;8.089890e-01
-2.158527e-01;8.089890e-01
-2.158527e-01;8.089890e-01
-2.158527e-01;8.089890e-01
-2.158527e-01;8.089890e-01
-3.505174e-02;7.538995e-01
-3.505174e-02;7.538995e-01
-3.505174e-02;7.538995e-01
-3.505174e-02;7.538995e-01
-3.505174e-02;7.538995e-01
-3.505174e-02;7.538995e-01
1.038925e-01;-2.261614e-01
1.038925e-01;-2.261614e-01
1.038925e-01;-2.261614e-01
1.038925e-01;-2.261614e-01
5.634997e-02;-1.681840e-01
5.634997e-02;-1.681840e-01
5.634997e-02;-1.681840e-01
5.634997e-02;-1.681840e-01
5.634997e-02;-1.681840e-01
5.634997e-02;-1.681840e-01
1.219146e-01;-1.927810e-01
1.219146e-01;-1.927810e-01
1.219146e-01;-1.927810e-01
1.219146e-01;-1.927810e-01
1.219146e-01;-1.927810e-01
1.219146e-01;-1.927810e-01
1.230831e-01;-2.021452e-01
1.230831e-01;-2.021452e-01
7.728691e-02;-2.383192e-01
7.728691e-02;-2.383192e-01
7.728691e-02;-2.383192e-01
7.728691e-02;-2.383192e-01
7.728691e-02;-2.383192e-01
7.728691e-02;-2.383192e-01
6.561980e-02;-2.702598e-01
6.561980e-02;-2.702598e-01
6.561980e-02;-2.702598e-01
6.561980e-02;-2.702598e-01
6.561980e-02;-2.702598e-01
6.561980e-02;-2.702598e-01
5.156716e-02;-4.507856e-01
5.156716e-02;-4.507856e-01
5.156716e-02;-4.507856e-01
5.156716e-02;-4.507856e-01
5.156716e-02;-4.507856e-01
5.156716e-02;-4.507856e-01
5.134023e-01;-6.992294e-01
5.134023e-01;-6.992294e-01
5.134023e-01;-6.992294e-01
5.134023e-01;-6.992294e-01
4.959252e-01;-7.896474e-01
4.959252e-01;-7.896474e-01
4.959252e-01;-7.896474e-01
4.959252e-01;-7.896474e-01
4.959252e-01;-7.896474e-01
4.959252e-01;-7.896474e-01
4.833388e-01;-9.249740e-01
4.833388e-01;-9.249740e-01
4.833388e-01;-9.249740e-01
4.833388e-01;-9.249740e-01
4.833388e-01;-9.249740e-01
4.833388e-01;-9.249740e-01
4.058057e-01;-8.784757e-01
4.058057e-01;-8.784757e-01
4.058057e-01;-8.784757e-01
4.058057e-01;-8.784757e-01
4.058057e-01;-8.784757e-01
4.058057e-01;-8.784757e-01
3.887944e-01;-9.653366e-01
3.887944e-01;-9.653366e-01
3.887944e-01;-9.653366e-01
3.887944e-01;-9.653366e-01
3.577628e-01;-1.000000e+00
3.577628e-01;-1.000000e+00
3.381672e-01;-5.057554e-02
3.381672e-01;-5.057554e-02
3.381672e-01;-5.057554e-02
3.381672e-01;-5.057554e-02
2.179048e-01;4.107617e-01
2.179048e-01;4.107617e-01
2.179048e-01;4.107617e-01
2.179048e-01;4.107617e-01
2.179048e-01;4.107617e-01
2.179048e-01;4.107617e-01
2.042873e-01;-5.948901e-01
2.042873e-01;-5.948901e-01
2.042873e-01;-5.948901e-01
2.042873e-01;-5.948901e-01
2.042873e-01;-5.948901e-01
2.042873e-01;-5.948901e-01
-7.980802e-02;1.127962e-01
-7.980802e-02;1.127962e-01
-7.980802e-02;1.127962e-01
-7.980802e-02;1.127962e-01
-7.980802e-02;1.127962e-01
-7.980802e-02;1.127962e-01
-4.982346e-01;1.000000e+00
-4.982346e-01;1.000000e+00
-4.982346e-01;1.000000e+00
-4.982346e-01;1.000000e+00
-5.001606e-01;9.695105e-01
-5.001606e-01;9.695105e-01
-5.001606e-01;9.695105e-01
-5.001606e-01;9.695105e-01
-5.001606e-01;9.695105e-01
-5.001606e-01;9.695105e-01
-5.715101e-01;1.000000e+00
-5.715101e-01;1.000000e+00
-5.715101e-01;1.000000e+00
-5.715101e-01;1.000000e+00
-5.715101e-01;1.000000e+00
-5.715101e-01;1.000000e+00
-5.098947e-01;9.818929e-01
-5.098947e-01;9.818929e-01
-5.098947e-01;9.818929e-01
-5.098947e-01;9.818929e-01
-5.098947e-01;9.818929e-01
-5.098947e-01;9.818929e-01
-5.342270e-01;8.547492e-01
-5.342270e-01;8.547492e-01
-5.342270e-01;8.547492e-01
-5.342270e-01;8.547492e-01
-5.463166e-01;8.000507e-01
-5.463166e-01;8.000507e-01
-3.290060e-01;6.923028e-01
-3.290060e-01;6.923028e-01
-3.290060e-01;6.923028e-01
-3.290060e-01;6.923028e-01
-1.516919e-01;6.298527e-01
-1.516919e-01;6.298527e-01
-1.516919e-01;6.298527e-01
-1.516919e-01;6.298527e-01
-1.516919e-01;6.298527e-01
-1.516919e-01;6.298527e-01
-2.158527e-01;8.089890e-01
-2.158527e-01;8.089890e-01
-2.158527e-01;8.089890e-01
-2.158527e-01;8.089890e-01
-2.158527e-01;8.089890e-01
-2.158527e-01;8.089890e-01
-3.505174e-02;7.538995e-01
-3.505174e-02;7.538995e-01
-3.505174e-02;7.538995e-01
-3.505174e-02;7.538995e-01
-3.505174e-02;7.538995e-01
-3.505174e-02;7.538995e-01
1.038925e-01;-2.261614e-01
1.038925e-01;-2.261614e-01
1.038925e-01;-2.261614e-01
1.038925e-01;-2.261614e-01
5.634997e-02;-1.681840e-01
5.634997e-02;-1.681840e-01
5.634997e-02;-1.681840e-01
5.634997e-02;-1.681840e-01
5.634997e-02;-1.681840e-01
5.634997e-02;-1.681840e-01
1.219146e-01;-1.927810e-01
1.219146e-01;-1.927810e-01
1.219146e-01;-1.927810e-01
1.219146e-01;-1.927810e-01
1.219146e-01;-1.927810e-01
1.219146e-01;-1.927810e-01
1.230831e-01;-2.021452e-01
1.230831e-01;-2.021452e-01
7.728691e-02;-2.383192e-01
7.728691e-02;-2.383192e-01
7.728691e-02;-2.383192e-01
7.728691e-02;-2.383192e-01
7.728691e-02;-2.383192e-01
7.728691e-02;-2.383192e-01
6.561980e-02;-2.702598e-01
6.561980e-02;-2.702598e-01
6.561980e-02;-2.702598e-01
6.561980e-02;-2.702598e-01
6.561980e-02;-2.702598e-01
6.561980e-02;-2.702598e-01
5.156716e-02;-4.507856e-01
5.156716e-02;-4.507856e-01
5.156716e-02;-4.507856e-01
5.156716e-02;-4.507856e-01
5.156716e-02;-4.507856e-01
5.156716e-02;-4.507856e-01
5.134023e-01;-6.992294e-01
5.134023e-01;-6.992294e-01
5.134023e-01;-6.992294e-01
5.134023e-01;-6.992294e-01
4.959252e-01;-7.896474e-01
4.959252e-01;-7.896474e-01
4.959252e-01;-7.896474e-01
4.959252e-01;-7.896474e-01
4.959252e-01;-7.896474e-01
4.959252e-01;-7.896474e-01
4.833388e-01;-9.249740e-01
4.833388e-01;-9.249740e-01
4.833388e-01;-9.249740e-01
4.833388e-01;-9.249740e-01
4.833388e-01;-9.249740e-01
4.833388e-01;-9.249740e-01
4.058057e-01;-8.784757e-01
4.058057e-01;-8.784757e-01
4.058057e-01;-8.784757e-01
4.058057e-01;-8.784757e-01
4.058057e-01;-8.784757e-01
4.058057e-01;-8.784757e-01
3.887944e-01;-9.653366e-01
3.887944e-01;-9.653366e-01
3.887944e-01;-9.653366e-01
3.887944e-01;-9.653366e-01
3.577628e-01;-1.000000e+00
3.577628e-01;-1.000000e+00
3.381672e-01;-5.057554e-02
3.381672e-01;-5.057554e-02
3.381672e-01;-5.057554e-02
3.381672e-01;-5.057554e-02
2.179048e-01;4.107617e-01
2.179048e-01;4.107617e-01
2.179048e-01;4.107617e-01
2.179048e-01;4.107617e-01
2.179048e-01;4.107617e-01
2.179048e-01;4.107617e-01
2.042873e-01;-5.948901e-01
2.042873e-01;-5.948901e-01
2.042873e-01;-5.948901e-01
2.042873e-01;-5.948901e-01
2.042873e-01;-5.948901e-01
2.042873e-01;-5.948901e-01
-7.980802e-02;1.127962e-01
-7.980802e-02;1.127962e-01
-7.980802e-02;1.127962e-01
-7.980802e-02;1.127962e-01
-7.980802e-02;1.127962e-01
-7.980802e-02;1.127962e-01
-4.982346e-01;1.000000e+00
-4.982346e-01;1.000000e+00
-4.982346e-01;1.000000e+00
-4.982346e-01;1.000000e+00
-5.001606e-01;9.695105e-01
-5.001606e-01;9.695105e-01
-5.001606e-01;9.695105e-01
-5.001606e-01;9.695105e-01
-5.001606e-01;9.695105e-01
-5.001606e-01;9.695105e-01
-5.715101e-01;1.000000e+00
-5.715101e-01;1.000000e+00
-5.715101e-01;1.000000e+00
-5.715101e-01;1.000000e+00
-5.715101e-01;1.000000e+00
-5.715101e-01;1.000000e+00
-5.098947e-01;9.818929e-01
-5.098947e-01;9.818929e-01
-5.098947e-01;9.818929e-01
-5.098947e-01;9.818929e-01
-5.098947e-01;9.818929e-01
-5.098947e-01;9.818929e-01
-5.342270e-01;8.547492e-01
-5.342270e-01;8.547492e-01
-5.342270e-01;8.547492e-01
-5.342270e-01;8.547492e-01
-5.463166e-01;8.000507e-01
-5.463166e-01;8.000507e-01
-3.290060e-01;6.923028e-01
-3.290060e-01;6.923028e-01
-3.290060e-01;6.923028e-01
-3.290060e-01;6.923028e-01
-1.516919e-01;6.298527e-01
-1.516919e-01;6.298527e-01
-1.516919e-01;6.298527e-01
-1.516919e-01;6.298527e-01
-1.516919e-01;6.298527e-01
-1.516919e-01;6.298527e-01
-2.158527e-01;8.089890e-01
-2.158527e-01;8.089890e-01
-2.158527e-01;8.089890e-01
-2.158527e-01;8.089890e-01
-2.158527e-01;8.089890e-01
-2.158527e-01;8.089890e-01
-3.505174e-02;7.538995e-01
-3.505174e-02;7.538995e-01
-3.505174e-02;7.538995e-01
-3.505174e-02;7.538995e-01
-3.505174e-02;7.538995e-01
-3.505174e-02;7.538995e-01
1.038925e-01;-2.261614e-01
1.038925e-01;-2.261614e-01
1.038925e-01;-2.261614e-01
1.038925e-01;-2.261614e-01
5.634997e-02;-1.681840e-01
5.634997e-02;-1.681840e-01
5.634997e-02;-1.681840e-01
5.634997e-02;-1.681840e-01
5.634997e-02;-1.681840e-01
5.634997e-02;-1.681840e-01
1.219146e-01;-1.927810e-01
1.219146e-01;-1.927810e-01
1.219146e-01;-1.927810e-01
1.219146e-01;-1.927810e-01
1.219146e-01;-1.927810e-01
1.219146e-01;-1.927810e-01
1.230831e-01;-2.021452e-01
1.230831e-01;-2.021452e-01
1.333333e-01;8.977194e-18
1.333333e-01;8.977194e-18
6.182953e-02;-1.668234e-01
6.182953e-02;-1.668234e-01
6.182953e-02;-1.668234e-01
5.249584e-02;-1.891818e-01
5.249584e-02;-1.891818e-01
5.249584e-02;-1.891818e-01
4.125372e-02;-3.155499e-01
4.125372e-02;-3.155499e-01
4.125372e-02;-3.155499e-01
4.107219e-01;-4.894606e-01
4.107219e-01;-4.894606e-01
3.967401e-01;-5.527532e-01
3.967401e-01;-5.527532e-01
3.967401e-01;-5.527532e-01
3.866711e-01;-6.474818e-01
3.866711e-01;-6.474818e-01
3.866711e-01;-6.474818e-01
3.246446e-01;-6.149330e-01
3.246446e-01;-6.149330e-01
3.246446e-01;-6.149330e-01
3.110356e-01;-6.757356e-01
3.110356e-01;-6.757356e-01
2.862102e-01;-7.154782e-01
2.705338e-01;-3.618569e-02
2.705338e-01;-3.618569e-02
1.743239e-01;2.938910e-01
1.743239e-01;2.938910e-01
1.743239e-01;2.938910e-01
1.634298e-01;-4.256309e-01
1.634298e-01;-4.256309e-01
1.634298e-01;-4.256309e-01
-6.384641e-02;8.070320e-02
-6.384641e-02;8.070320e-02
-6.384641e-02;8.070320e-02
-3.985877e-01;1.000000e+00
-3.985877e-01;1.000000e+00
-4.001285e-01;9.695105e-01
-4.001285e-01;9.695105e-01
-4.001285e-01;9.695105e-01
-4.572080e-01;1.000000e+00
-4.572080e-01;1.000000e+00
-4.572080e-01;1.000000e+00
-4.079158e-01;9.818929e-01
-4.079158e-01;9.818929e-01
-4.079158e-01;9.818929e-01
-4.273816e-01;8.547492e-01
-4.273816e-01;8.547492e-01
-4.370533e-01;8.000507e-01
-2.632048e-01;6.923028e-01
-2.632048e-01;6.923028e-01
-1.213535e-01;6.298527e-01
-1.213535e-01;6.298527e-01
-1.213535e-01;6.298527e-01
-1.726821e-01;8.089890e-01
-1.726821e-01;8.089890e-01
-1.726821e-01;8.089890e-01
-2.804139e-02;7.538995e-01
-2.804139e-02;7.538995e-01
-2.804139e-02;7.538995e-01
8.311397e-02;-2.261614e-01
8.311397e-02;-2.261614e-01
4.507998e-02;-1.681840e-01
4.507998e-02;-1.681840e-01
4.507998e-02;-1.681840e-01
9.753168e-02;-1.927810e-01
9.753168e-02;-1.927810e-01
9.753168e-02;-1.927810e-01
9.846646e-02;-2.021452e-01
2.588235e-01;-2.432950e-17
2.588235e-01;-2.432950e-17
2.588235e-01;-2.432950e-17
2.588235e-01;-2.432950e-17
1.665029e-01;-3.388752e-01
1.665029e-01;-3.388752e-01
1.665029e-01;-3.388752e-01
1.665029e-01;-3.388752e-01
1.665029e-01;-3.388752e-01
1.665029e-01;-3.388752e-01
1.665029e-01;-3.388752e-01
1.404802e-01;-5.140034e-01
1.404802e-01;-5.140034e-01
1.404802e-01;-5.140034e-01
1.404802e-01;-5.140034e-01
1.404802e-01;-5.140034e-01
1.404802e-01;-5.140034e-01
1.404802e-01;-5.140034e-01
1.087593e-01;-8.785668e-01
1.087593e-01;-8.785668e-01
1.087593e-01;-8.785668e-01
1.087593e-01;-8.785668e-01
-1.194458e-03;-8.131924e-01
-1.194458e-03;-8.131924e-01
-1.194458e-03;-8.131924e-01
2.603599e-02;6.099085e-01
2.603599e-02;6.099085e-01
2.603599e-02;6.099085e-01
2.603599e-02;6.099085e-01
-1.483285e-01;1.000000e+00
-1.483285e-01;1.000000e+00
-1.483285e-01;1.000000e+00
-1.483285e-01;1.000000e+00
-1.483285e-01;1.000000e+00
-1.483285e-01;1.000000e+00
8.000000e-02;-8.836248e-19
-8.443084e-02;9.962144e-02
-1.409675e-01;-6.128302e-03
-1.409675e-01;-6.128302e-03
-2.798810e-01;-4.379435e-02
-8.034043e-01;3.034604e-01
-8.034043e-01;3.034604e-01
-8.684169e-01;3.803303e-01
-8.759666e-01;3.784806e-01
-8.759666e-01;3.784806e-01
-8.826997e-01;3.386808e-01
-9.245984e-01;2.930819e-01
-9.245984e-01;2.930819e-01
-9.647007e-01;9.700573e-02
-9.756558e-01;-2.862318e-01
-9.756558e-01;-2.862318e-01
-8.545699e-01;-1.028779e-01
-8.720901e-01;-3.403055e-01
-8.853652e-01;-4.050992e-01
-8.190864e-01;9.205522e-01
-1.000000e+00;1.000000e+00
-1.000000e+00;9.638421e-01
-9.040777e-01;1.000000e+00
-9.713380e-01;9.963511e-01
-9.766392e-01;6.596787e-01
-1.000000e+00;1.000000e+00
-8.874633e-01;9.508426e-01
-8.439425e-01;8.924728e-01
-8.439425e-01;8.924728e-01
-7.323553e-01;8.914749e-01
-2.981443e-01;6.902069e-01
-2.981443e-01;6.902069e-01
-2.525808e-01;6.259073e-01
-2.740624e-01;6.213834e-01
-2.740624e-01;6.213834e-01
-3.596741e-01;6.954028e-01
-3.663209e-01;7.278986e-01
-3.663209e-01;7.278986e-01
-3.679089e-01;7.326177e-01
-3.832189e-01;9.237182e-01
-3.832189e-01;9.237182e-01
-4.635108e-01;1.000000e+00
-4.737568e-01;9.218065e-01
-4.783273e-01;9.494072e-01
-4.389493e-01;5.435991e-01
-1.962708e-01;3.151008e-01
-1.926465e-01;3.104405e-01
-2.448966e-01;1.791632e-01
-2.000125e-01;1.775880e-01
-2.092367e-01;3.635111e-01
-1.874999e-01;1.295262e-01
-1.765875e-01;1.001891e-01
-1.913079e-01;1.775277e-01
-1.913079e-01;1.775277e-01
-3.552105e-01;3.185323e-01
-3.577246e-01;2.671759e-01
-3.577246e-01;2.671759e-01
-3.580075e-01;1.998726e-01
-3.668116e-01;1.208051e-01
-3.668116e-01;1.208051e-01
-2.837500e-01;5.662322e-02
-2.479312e-01;-1.377622e-02
-2.479312e-01;-1.377622e-02
-2.330125e-01;5.136577e-02
-2.600720e-01;6.422210e-02
-2.600720e-01;6.422210e-02
-2.005827e-01;-3.121264e-01
-1.798608e-01;-1.521477e-01
-1.706441e-01;-1.627471e-01
-2.258272e-01;-1.600230e-01
-1.896833e-01;-3.742885e-01
-1.850015e-01;-4.451775e-01
-1.827353e-01;-3.571377e-02
-1.766320e-01;-4.388146e-02
-1.658316e-01;-5.179557e-02
-1.982842e-01;2.997826e-02
-1.924379e-01;-7.535957e-03
-1.836283e-01;7.037213e-04
-1.836283e-01;7.037213e-04
-3.459760e-02;-1.230029e-01
-3.789610e-02;-4.138082e-02
-3.789610e-02;-4.138082e-02
-5.800217e-02;5.384379e-02
-3.853263e-01;4.243674e-01
-3.853263e-01;4.243674e-01
-4.215327e-01;4.326392e-01
-4.365997e-01;5.038926e-01
-4.365997e-01;5.038926e-01
-4.256917e-01;5.047376e-01
-3.771971e-01;4.845272e-01
-3.771971e-01;4.845272e-01
-2.817507e-01;4.633289e-01
-3.101675e-01;3.860335e-01
-3.355617e-01;-4.762500e-02
-3.040675e-01;3.415100e-01
-3.211088e-01;6.028329e-01
-3.458748e-01;6.116005e-01
-2.679313e-01;6.788544e-01
-2.623673e-01;6.391995e-01
-3.232739e-01;7.167271e-01
-2.656686e-01;7.726247e-01
-2.644664e-01;7.373592e-01
-2.660359e-01;6.500835e-01
-2.660359e-01;6.500835e-01
-2.507880e-01;5.179579e-01
-2.604607e-01;4.663816e-01
-2.604607e-01;4.663816e-01
-2.349475e-01;3.749106e-01
1.207491e-01;8.889960e-02
1.207491e-01;8.889960e-02
1.525452e-01;1.085313e-01
3.742150e-02;1.656707e-01
3.742150e-02;1.656707e-01
2.114878e-02;8.128247e-02
-4.481241e-01;4.342387e-01
-4.481241e-01;4.342387e-01
-5.337502e-01;5.004242e-01
-5.225539e-01;5.851525e-01
-5.011106e-01;9.978280e-01
-4.228579e-01;4.924727e-01
-4.453240e-01;5.073181e-01
-4.235763e-01;5.963884e-01
-5.046755e-01;1.408034e-01
-5.269206e-01;1.969075e-01
-4.957747e-01;1.723641e-01
-4.930551e-01;6.433944e-02
-5.294944e-01;1.857596e-01
-5.295285e-01;2.316476e-01
-5.295285e-01;2.316476e-01
-6.016140e-01;3.098393e-01
-5.839615e-01;2.723821e-01
-5.839615e-01;2.723821e-01
-5.882436e-01;3.026397e-01
-6.049156e-01;3.137992e-01
-6.049156e-01;3.137992e-01
-6.088076e-01;3.141732e-01
-4.830025e-01;1.918788e-01
-4.830025e-01;1.918788e-01
-4.712128e-01;2.014778e-01
-2.780897e-02;-1.559150e-01
6.666667e-02;-2.999626e-18
-2.721733e-02;-4.041048e-04
-3.384847e-01;2.180598e-01
-3.384847e-01;2.180598e-01
-5.177263e-01;3.103559e-01
-9.056793e-01;2.989250e-01
-9.056793e-01;2.989250e-01
-9.773368e-01;3.075626e-01
-1.000000e+00;2.582802e-01
-1.000000e+00;2.582802e-01
-1.000000e+00;2.572165e-01
-1.000000e+00;2.590858e-01
-1.000000e+00;2.590858e-01
-1.000000e+00;2.606238e-01
-1.000000e+00;2.607866e-01
-1.000000e+00;2.607866e-01
-9.697812e-01;2.613585e-01
-9.780473e-01;2.592488e-01
-9.846116e-01;2.587127e-01
-9.673790e-01;2.597927e-01
-9.730809e-01;2.607325e-01
-9.760223e-01;2.605237e-01
-9.076403e-01;2.687093e-01
-9.991467e-01;2.728743e-01
-1.000000e+00;2.730310e-01
-1.000000e+00;2.713483e-01
-9.457080e-01;2.753835e-01
-6.790266e-01;5.835345e-02
-6.790266e-01;5.835345e-02
-5.245890e-01;-3.227395e-02
-1.853958e-01;-2.058585e-02
-1.853958e-01;-2.058585e-02
-1.253260e-01;-2.896605e-02
-8.036036e-02;2.062149e-02
-8.036036e-02;2.062149e-02
-1.334472e-01;2.172988e-02
-1.197554e-01;2.185128e-02
-1.197554e-01;2.185128e-02
-1.722954e-01;3.416735e-02
-1.727641e-01;3.376540e-02
-1.727641e-01;3.376540e-02
-1.818249e-01;3.429698e-02
-1.833926e-01;3.705119e-02
-1.853723e-01;3.561279e-02
-1.744491e-01;4.471505e-02
-1.831044e-01;4.310959e-02
-1.854561e-01;4.252879e-02
-2.135787e-01;2.233037e-02
-1.283802e-01;1.964078e-02
-1.359450e-01;2.055002e-02
-1.552004e-01;2.447595e-02
-1.443520e-01;1.624376e-02
-1.406252e-01;1.521523e-02
-1.406252e-01;1.521523e-02
-1.400663e-01;1.449273e-02
-1.435148e-01;1.441388e-02
-1.435148e-01;1.441388e-02
-1.435140e-01;1.492560e-02
-1.421590e-01;1.583572e-02
-1.421590e-01;1.583572e-02
-8.416189e-02;1.510274e-02
-7.711049e-02;1.294815e-02
-7.711049e-02;1.294815e-02
-1.411393e-02;-1.255846e-03
-1.300488e-02;-3.025337e-03
-1.300488e-02;-3.025337e-03
-1.081264e-02;-1.042233e-02
-4.325462e-03;-9.630762e-03
1.709733e-03;-7.228972e-03
-7.999178e-03;-1.523733e-02
3.409143e-03;-1.451434e-02
7.123860e-03;-1.305695e-02
-2.257247e-02;5.068235e-04
-2.289428e-02;-1.446286e-03
-1.453703e-02;-2.327967e-03
-2.598697e-03;-5.033844e-03
1.157739e-02;7.999438e-04
1.197774e-02;1.735662e-03
1.197774e-02;1.735662e-03
6.277671e-03;2.936396e-03
6.097784e-03;2.242025e-03
6.097784e-03;2.242025e-03
7.259732e-03;1.845300e-03
8.461436e-03;2.134074e-03
8.461436e-03;2.134074e-03
8.568814e-03;1.684978e-03
1.089869e-02;1.326021e-03
1.089869e-02;1.326021e-03
1.185570e-02;2.325439e-03
1.229169e-02;3.124476e-03
1.229169e-02;3.124476e-03
1.269855e-02;1.307930e-02
1.121244e-02;1.158833e-02
8.407549e-03;1.080093e-02
1.307295e-02;6.067212e-03
1.349933e-02;6.111328e-03
8.854645e-03;3.902229e-03
6.964239e-02;4.088160e-03
6.909795e-02;4.279904e-03
4.564817e-02;5.082836e-03
7.339841e-02;3.734976e-03
7.312423e-02;3.383287e-03
7.226808e-02;2.333331e-03
7.226808e-02;2.333331e-03
7.749657e-02;-2.578184e-04
7.913495e-02;2.683465e-04
7.913495e-02;2.683465e-04
7.938376e-02;-4.455956e-04
8.100952e-02;-2.238810e-03
8.100952e-02;-2.238810e-03
8.204652e-02;-1.091968e-03
8.229830e-02;-2.158996e-03
8.229830e-02;-2.158996e-03
7.916016e-02;-1.685988e-03
7.307916e-02;4.720286e-03
7.307916e-02;4.720286e-03
6.377314e-02;6.782453e-03
6.499843e-02;7.644438e-03
6.762580e-02;7.570545e-03
5.194782e-02;9.576062e-03
5.174795e-02;1.051995e-02
5.563081e-02;1.294442e-02
-4.928601e-03;1.098769e-02
-4.297560e-03;1.163603e-02
1.773833e-02;1.183437e-02
-1.760363e-02;1.270825e-02
-1.750176e-02;1.201868e-02
-1.534168e-02;1.093985e-02
-1.534168e-02;1.093985e-02
-2.495273e-02;1.362413e-02
-2.293313e-02;1.382531e-02
-2.293313e-02;1.382531e-02
-2.379184e-02;1.415895e-02
-2.364761e-02;1.403030e-02
-2.364761e-02;1.403030e-02
-2.470723e-02;1.257640e-02
-2.560748e-02;1.494013e-02
-2.560748e-02;1.494013e-02
-2.549558e-02;1.398448e-02
-1.724813e-02;8.254458e-03
6.666667e-02;7.381610e-18
-2.755112e-02;-2.248384e-04
-3.577262e-01;4.606791e-01
-3.577262e-01;4.606791e-01
-4.832075e-01;3.429940e-01
-8.852593e-01;3.732163e-01
-8.852593e-01;3.732163e-01
-9.508095e-01;4.451561e-01
-9.857198e-01;4.927349e-01
-9.857198e-01;4.927349e-01
-9.942457e-01;4.950898e-01
-1.000000e+00;4.960386e-01
-1.000000e+00;4.960386e-01
-1.000000e+00;4.851673e-01
-1.000000e+00;4.841693e-01
-1.000000e+00;4.841693e-01
-9.700118e-01;4.821499e-01
-9.791062e-01;4.845952e-01
-9.860275e-01;4.870507e-01
-9.675237e-01;5.013061e-01
-9.726237e-01;5.022243e-01
-9.755575e-01;5.023322e-01
-9.040551e-01;4.955536e-01
-9.984582e-01;4.578108e-01
-1.000000e+00;4.567663e-01
-1.000000e+00;4.463042e-01
-9.425114e-01;4.478096e-01
-6.454195e-01;-8.290054e-03
-6.454195e-01;-8.290054e-03
-5.332842e-01;1.116777e-01
-1.650176e-01;8.161341e-02
-1.650176e-01;8.161341e-02
-1.079162e-01;1.058459e-02
-8.169929e-02;-3.604384e-02
-8.169929e-02;-3.604384e-02
-1.391260e-01;-2.778107e-02
-1.255200e-01;-2.396212e-02
-1.255200e-01;-2.396212e-02
-1.822269e-01;2.383425e-02
-1.829782e-01;2.640879e-02
-1.829782e-01;2.640879e-02
-1.916020e-01;3.697125e-02
-1.941428e-01;5.070740e-02
-1.968388e-01;4.829752e-02
-1.831332e-01;1.827911e-02
-1.934921e-01;1.612746e-02
-1.959805e-01;1.661719e-02
-2.273627e-01;2.065216e-02
-1.394020e-01;5.929909e-02
-1.472492e-01;6.341497e-02
-1.658515e-01;7.656052e-02
-1.548960e-01;8.151518e-02
-1.510530e-01;7.727772e-02
-1.510530e-01;7.727772e-02
-1.506187e-01;7.446673e-02
-1.543252e-01;7.240018e-02
-1.543252e-01;7.240018e-02
-1.543368e-01;7.145146e-02
-1.535325e-01;6.609346e-02
-1.535325e-01;6.609346e-02
-9.275148e-02;5.653220e-02
-8.532592e-02;5.063033e-02
-8.532592e-02;5.063033e-02
-1.694490e-02;1.347764e-02
-1.459982e-02;1.122931e-02
-1.459982e-02;1.122931e-02
-1.236284e-02;4.435922e-03
-4.021363e-03;-1.041845e-02
2.983387e-03;-1.296057e-02
-9.517609e-03;4.633032e-03
3.003883e-03;1.563853e-03
6.779865e-03;-4.322292e-04
-2.081580e-02;1.264820e-02
-2.151059e-02;1.216444e-02
-1.262947e-02;2.782822e-03
-6.891954e-04;1.458996e-02
1.434260e-02;4.903719e-03
1.455386e-02;4.924565e-03
1.455386e-02;4.924565e-03
8.730955e-03;-6.604734e-03
7.778801e-03;-6.797060e-03
7.778801e-03;-6.797060e-03
9.215008e-03;-6.892421e-03
1.229663e-02;-1.647960e-03
1.229663e-02;-1.647960e-03
1.320183e-02;-4.295047e-03
1.524413e-02;-3.193456e-03
1.524413e-02;-3.193456e-03
1.600718e-02;-1.483714e-03
1.548576e-02;-2.461399e-03
1.548576e-02;-2.461399e-03
1.737221e-02;-5.414660e-05
1.583874e-02;-8.263984e-03
1.268947e-02;-1.184890e-02
1.716401e-02;-9.259113e-04
1.716132e-02;4.013947e-03
1.193487e-02;1.261969e-03
7.632048e-02;9.120028e-02
7.581761e-02;9.194239e-02
5.099226e-02;9.741666e-02
7.885345e-02;9.409879e-02
7.843716e-02;1.004008e-01
7.745058e-02;9.558477e-02
7.745058e-02;9.558477e-02
8.265727e-02;1.047719e-01
8.515777e-02;1.022659e-01
8.515777e-02;1.022659e-01
8.543577e-02;1.012088e-01
8.544868e-02;1.003777e-01
8.544868e-02;1.003777e-01
8.612875e-02;1.018406e-01
8.654816e-02;1.015636e-01
8.654816e-02;1.015636e-01
8.375973e-02;9.120892e-02
8.075625e-02;9.430542e-02
8.075625e-02;9.430542e-02
6.820829e-02;1.058826e-01
6.936214e-02;1.135464e-01
7.259040e-02;1.191080e-01
5.618668e-02;1.063721e-01
5.648137e-02;1.052443e-01
6.091452e-02;1.096038e-01
-4.090453e-03;1.019802e-02
-3.358668e-03;9.105444e-03
1.958363e-02;1.213265e-02
-1.563156e-02;4.870619e-03
-1.601413e-02;3.909190e-03
-1.382806e-02;7.650544e-03
-1.382806e-02;7.650544e-03
-2.298555e-02;-5.622308e-03
-2.107692e-02;-2.542922e-03
-2.107692e-02;-2.542922e-03
-2.180266e-02;-4.473567e-03
-2.177669e-02;-4.897732e-03
-2.177669e-02;-4.897732e-03
-2.289025e-02;-4.536179e-03
-2.383211e-02;-5.894489e-03
-2.383211e-02;-5.894489e-03
-2.367422e-02;1.281416e-03
-1.822869e-02;-7.511928e-04
6.666667e-02;7.381610e-18
-2.755112e-02;-2.248384e-04
-3.577262e-01;4.606791e-01
-3.577262e-01;4.606791e-01
-4.832075e-01;3.429940e-01
-8.852593e-01;3.732163e-01
-8.852593e-01;3.732163e-01
-9.508095e-01;4.451561e-01
-9.857198e-01;4.927349e-01
-9.857198e-01;4.927349e-01
-9.942457e-01;4.950898e-01
-1.000000e+00;4.960386e-01
-1.000000e+00;4.960386e-01
-1.000000e+00;4.851673e-01
-1.000000e+00;4.841693e-01
-1.000000e+00;4.841693e-01
-9.700118e-01;4.821499e-01
-9.791062e-01;4.845952e-01
-9.860275e-01;4.870507e-01
-9.675237e-01;5.013061e-01
-9.726237e-01;5.022243e-01
-9.755575e-01;5.023322e-01
-9.040551e-01;4.955536e-01
-9.984582e-01;4.578108e-01
-1.000000e+00;4.567663e-01
-1.000000e+00;4.463042e-01
-9.425114e-01;4.478096e-01
-6.454195e-01;-8.290054e-03
-6.454195e-01;-8.290054e-03
-5.332842e-01;1.116777e-01
-1.650176e-01;8.161341e-02
-1.650176e-01;8.161341e-02
-1.079162e-01;1.058459e-02
-8.169929e-02;-3.604384e-02
-8.169929e-02;-3.604384e-02
-1.391260e-01;-2.778107e-02
-1.255200e-01;-2.396212e-02
-1.255200e-01;-2.396212e-02
-1.822269e-01;2.383425e-02
-1.829782e-01;2.640879e-02
-1.829782e-01;2.640879e-02
-1.916020e-01;3.697125e-02
-1.941428e-01;5.070740e-02
-1.968388e-01;4.829752e-02
-1.831332e-01;1.827911e-02
-1.934921e-01;1.612746e-02
-1.959805e-01;1.661719e-02
-2.273627e-01;2.065216e-02
-1.394020e-01;5.929909e-02
-1.472492e-01;6.341497e-02
-1.658515e-01;7.656052e-02
-1.548960e-01;8.151518e-02
-1.510530e-01;7.727772e-02
-1.510530e-01;7.727772e-02
-1.506187e-01;7.446673e-02
-1.543252e-01;7.240018e-02
-1.543252e-01;7.240018e-02
-1.543368e-01;7.145146e-02
-1.535325e-01;6.609346e-02
-1.535325e-01;6.609346e-02
-9.275148e-02;5.653220e-02
-8.532592e-02;5.063033e-02
-8.532592e-02;5.063033e-02
-1.694490e-02;1.347764e-02
-1.459982e-02;1.122931e-02
-1.459982e-02;1.122931e-02
-1.236284e-02;4.435922e-03
-4.021363e-03;-1.041845e-02
2.983387e-03;-1.296057e-02
-9.517609e-03;4.633032e-03
3.003883e-03;1.563853e-03
6.779865e-03;-4.322292e-04
-2.081580e-02;1.264820e-02
-2.151059e-02;1.216444e-02
-1.262947e-02;2.782822e-03
-6.891954e-04;1.458996e-02
1.434260e-02;4.903719e-03
1.455386e-02;4.924565e-03
1.455386e-02;4.924565e-03
8.730955e-03;-6.604734e-03
7.778801e-03;-6.797060e-03
7.778801e-03;-6.797060e-03
9.215008e-03;-6.892421e-03
1.229663e-02;-1.647960e-03
1.229663e-02;-1.647960e-03
1.320183e-02;-4.295047e-03
1.524413e-02;-3.193456e-03
1.524413e-02;-3.193456e-03
1.600718e-02;-1.483714e-03
1.548576e-02;-2.461399e-03
1.548576e-02;-2.461399e-03
1.737221e-02;-5.414660e-05
1.583874e-02;-8.263984e-03
1.268947e-02;-1.184890e-02
1.716401e-02;-9.259113e-04
1.716132e-02;4.013947e-03
1.193487e-02;1.261969e-03
7.632048e-02;9.120028e-02
7.581761e-02;9.194239e-02
5.099226e-02;9.741666e-02
7.885345e-02;9.409879e-02
7.843716e-02;1.004008e-01
7.745058e-02;9.558477e-02
7.745058e-02;9.558477e-02
8.265727e-02;1.047719e-01
8.515777e-02;1.022659e-01
8.515777e-02;1.022659e-01
8.543577e-02;1.012088e-01
8.544868e-02;1.003777e-01
8.544868e-02;1.003777e-01
8.612875e-02;1.018406e-01
8.654816e-02;1.015636e-01
8.654816e-02;1.015636e-01
8.375973e-02;9.120892e-02
8.075625e-02;9.430542e-02
8.075625e-02;9.430542e-02
6.820829e-02;1.058826e-01
6.936214e-02;1.135464e-01
7.259040e-02;1.191080e-01
5.618668e-02;1.063721e-01
5.648137e-02;1.052443e-01
6.091452e-02;1.096038e-01
-4.090453e-03;1.019802e-02
-3.358668e-03;9.105444e-03
1.958363e-02;1.213265e-02
-1.563156e-02;4.870619e-03
-1.601413e-02;3.909190e-03
-1.382806e-02;7.650544e-03
-1.382806e-02;7.650544e-03
-2.298555e-02;-5.622308e-03
-2.107692e-02;-2.542922e-03
-2.107692e-02;-2.542922e-03
-2.180266e-02;-4.473567e-03
-2.177669e-02;-4.897732e-03
-2.177669e-02;-4.897732e-03
-2.289025e-02;-4.536179e-03
-2.383211e-02;-5.894489e-03
-2.383211e-02;-5.894489e-03
-2.367422e-02;1.281416e-03
-1.822869e-02;-7.511928e-04
6.666667e-02;7.381610e-18
-2.755112e-02;-2.248384e-04
-3.577262e-01;4.606791e-01
-3.577262e-01;4.606791e-01
-4.832075e-01;3.429940e-01
-8.852593e-01;3.732163e-01
-8.852593e-01;3.732163e-01
-9.508095e-01;4.451561e-01
-9.857198e-01;4.927349e-01
-9.857198e-01;4.927349e-01
-9.942457e-01;4.950898e-01
-1.000000e+00;4.960386e-01
-1.000000e+00;4.960386e-01
-1.000000e+00;4.851673e-01
-1.000000e+00;4.841693e-01
-1.000000e+00;4.841693e-01
-9.700118e-01;4.821499e-01
-9.791062e-01;4.845952e-01
-9.860275e-01;4.870507e-01
-9.675237e-01;5.013061e-01
-9.726237e-01;5.022243e-01
-9.755575e-01;5.023322e-01
-9.040551e-01;4.955536e-01
-9.984582e-01;4.578108e-01
-1.000000e+00;4.567663e-01
-1.000000e+00;4.463042e-01
-9.425114e-01;4.478096e-01
-6.454195e-01;-8.290054e-03
-6.454195e-01;-8.290054e-03
-5.332842e-01;1.116777e-01
-1.650176e-01;8.161341e-02
-1.650176e-01;8.161341e-02
-1.079162e-01;1.058459e-02
-8.169929e-02;-3.604384e-02
-8.169929e-02;-3.604384e-02
-1.391260e-01;-2.778107e-02
-1.255200e-01;-2.396212e-02
-1.255200e-01;-2.396212e-02
-1.822269e-01;2.383425e-02
-1.829782e-01;2.640879e-02
-1.829782e-01;2.640879e-02
-1.916020e-01;3.697125e-02
-1.941428e-01;5.070740e-02
-1.968388e-01;4.829752e-02
-1.831332e-01;1.827911e-02
-1.934921e-01;1.612746e-02
-1.959805e-01;1.661719e-02
-2.273627e-01;2.065216e-02
-1.394020e-01;5.929909e-02
-1.472492e-01;6.341497e-02
-1.658515e-01;7.656052e-02
-1.548960e-01;8.151518e-02
-1.510530e-01;7.727772e-02
-1.510530e-01;7.727772e-02
-1.506187e-01;7.446673e-02
-1.543252e-01;7.240018e-02
-1.543252e-01;7.240018e-02
-1.543368e-01;7.145146e-02
-1.535325e-01;6.609346e-02
-1.535325e-01;6.609346e-02
-9.275148e-02;5.653220e-02
-8.532592e-02;5.063033e-02
-8.532592e-02;5.063033e-02
-1.694490e-02;1.347764e-02
-1.459982e-02;1.122931e-02
-1.459982e-02;1.122931e-02
-1.236284e-02;4.435922e-03
-4.021363e-03;-1.041845e-02
2.983387e-03;-1.296057e-02
-9.517609e-03;4.633032e-03
3.003883e-03;1.563853e-03
6.779865e-03;-4.322292e-04
-2.081580e-02;1.264820e-02
-2.151059e-02;1.216444e-02
-1.262947e-02;2.782822e-03
-6.891954e-04;1.458996e-02
1.434260e-02;4.903719e-03
1.455386e-02;4.924565e-03
1.455386e-02;4.924565e-03
8.730955e-03;-6.604734e-03
7.778801e-03;-6.797060e-03
7.778801e-03;-6.797060e-03
9.215008e-03;-6.892421e-03
1.229663e-02;-1.647960e-03
1.229663e-02;-1.647960e-03
1.320183e-02;-4.295047e-03
1.524413e-02;-3.193456e-03
1.524413e-02;-3.193456e-03
1.600718e-02;-1.483714e-03
1.548576e-02;-2.461399e-03
1.548576e-02;-2.461399e-03
1.737221e-02;-5.414660e-05
1.583874e-02;-8.263984e-03
1.268947e-02;-1.184890e-02
1.716401e-02;-9.259113e-04
1.716132e-02;4.013947e-03
1.193487e-02;1.261969e-03
7.632048e-02;9.120028e-02
7.581761e-02;9.194239e-02
5.099226e-02;9.741666e-02
7.885345e-02;9.409879e-02
7.843716e-02;1.004008e-01
7.745058e-02;9.558477e-02
7.745058e-02;9.558477e-02
8.265727e-02;1.047719e-01
8.515777e-02;1.022659e-01
8.515777e-02;1.022659e-01
8.543577e-02;1.012088e-01
8.544868e-02;1.003777e-01
8.544868e-02;1.003777e-01
8.612875e-02;1.018406e-01
8.654816e-02;1.015636e-01
8.654816e-02;1.015636e-01
8.375973e-02;9.120892e-02
8.075625e-02;9.430542e-02
8.075625e-02;9.430542e-02
6.820829e-02;1.058826e-01
6.936214e-02;1.135464e-01
7.259040e-02;1.191080e-01
5.618668e-02;1.063721e-01
5.648137e-02;1.052443e-01
6.091452e-02;1.096038e-01
-4.090453e-03;1.019802e-02
-3.358668e-03;9.105444e-03
1.958363e-02;1.213265e-02
-1.563156e-02;4.870619e-03
-1.601413e-02;3.909190e-03
-1.382806e-02;7.650544e-03
-1.382806e-02;7.650544e-03
-2.298555e-02;-5.622308e-03
-2.107692e-02;-2.542922e-03
-2.107692e-02;-2.542922e-03
-2.180266e-02;-4.473567e-03
-2.177669e-02;-4.897732e-03
-2.177669e-02;-4.897732e-03
-2.289025e-02;-4.536179e-03
-2.383211e-02;-5.894489e-03
-2.383211e-02;-5.894489e-03
-2.367422e-02;1.281416e-03
-1.822869e-02;-7.511928e-04
4.242424e-01;1.951564e-17
4.242424e-01;1.951564e-17
4.242424e-01;1.951564e-17
4.242424e-01;1.951564e-17
4.242424e-01;1.951564e-17
4.242424e-01;1.951564e-17
4.242424e-01;1.951564e-17
4.242424e-01;1.951564e-17
4.242424e-01;1.951564e-17
2.424764e-01;9.451439e-02
2.424764e-01;9.451439e-02
2.424764e-01;9.451439e-02
2.424764e-01;9.451439e-02
2.424764e-01;9.451439e-02
2.424764e-01;9.451439e-02
2.424764e-01;9.451439e-02
2.424764e-01;9.451439e-02
2.424764e-01;9.451439e-02
7.777778e-02;7.835825e-18
7.777778e-02;7.835825e-18
2.531056e-02;-1.066408e-01
2.531056e-02;-1.066408e-01
2.531056e-02;-1.066408e-01
2.181654e-02;-1.122733e-01
2.181654e-02;-1.122733e-01
2.181654e-02;-1.122733e-01
1.914419e-02;-1.916489e-01
1.914419e-02;-1.916489e-01
1.914419e-02;-1.916489e-01
9.421308e-02;-2.179085e-01
9.421308e-02;-2.179085e-01
9.048137e-02;-2.483202e-01
9.048137e-02;-2.483202e-01
9.048137e-02;-2.483202e-01
8.377310e-02;-2.587361e-01
8.377310e-02;-2.587361e-01
8.377310e-02;-2.587361e-01
6.922551e-02;-2.651867e-01
6.922551e-02;-2.651867e-01
6.922551e-02;-2.651867e-01
6.400555e-02;-2.714942e-01
6.400555e-02;-2.714942e-01
5.259242e-02;-2.920700e-01
3.709686e-02;-4.291992e-02
3.709686e-02;-4.291992e-02
4.596261e-02;1.120987e-01
4.596261e-02;1.120987e-01
4.596261e-02;1.120987e-01
4.359896e-02;-1.414570e-01
4.359896e-02;-1.414570e-01
4.359896e-02;-1.414570e-01
-9.066722e-03;4.381319e-02
-9.066722e-03;4.381319e-02
-9.066722e-03;4.381319e-02
-7.084853e-02;6.890197e-01
-7.084853e-02;6.890197e-01
-7.016891e-02;5.841354e-01
-7.016891e-02;5.841354e-01
-7.016891e-02;5.841354e-01
-8.555688e-02;5.994427e-01
-8.555688e-02;5.994427e-01
-8.555688e-02;5.994427e-01
-7.644143e-02;6.092678e-01
-7.644143e-02;6.092678e-01
-7.644143e-02;6.092678e-01
-8.799224e-02;5.498825e-01
-8.799224e-02;5.498825e-01
-9.085966e-02;4.627420e-01
-6.860030e-02;3.082918e-01
-6.860030e-02;3.082918e-01
-3.420167e-02;2.339480e-01
-3.420167e-02;2.339480e-01
-3.420167e-02;2.339480e-01
-4.553135e-02;5.218813e-01
-4.553135e-02;5.218813e-01
-4.553135e-02;5.218813e-01
-2.113778e-02;4.408786e-01
-2.113778e-02;4.408786e-01
-2.113778e-02;4.408786e-01
-1.787888e-02;-1.796260e-01
-1.787888e-02;-1.796260e-01
-2.818672e-02;-2.379750e-02
-2.818672e-02;-2.379750e-02
-2.818672e-02;-2.379750e-02
-1.154156e-02;-6.190025e-02
-1.154156e-02;-6.190025e-02
-1.154156e-02;-6.190025e-02
-1.234005e-02;-8.278851e-02
4.444444e-02;3.430021e-18
4.444444e-02;3.430021e-18
1.509879e-02;-4.121215e-02
1.509879e-02;-4.121215e-02
1.509879e-02;-4.121215e-02
1.322049e-02;-4.858741e-02
1.322049e-02;-4.858741e-02
1.322049e-02;-4.858741e-02
1.138239e-02;-9.843095e-02
1.138239e-02;-9.843095e-02
1.138239e-02;-9.843095e-02
7.077139e-02;-1.345066e-01
7.077139e-02;-1.345066e-01
6.860213e-02;-1.635330e-01
6.860213e-02;-1.635330e-01
6.860213e-02;-1.635330e-01
6.484131e-02;-1.641111e-01
6.484131e-02;-1.641111e-01
6.484131e-02;-1.641111e-01
5.720421e-02;-1.646279e-01
5.720421e-02;-1.646279e-01
5.720421e-02;-1.646279e-01
5.510854e-02;-1.732792e-01
5.510854e-02;-1.732792e-01
4.713822e-02;-1.918055e-01
4.408827e-02;-8.365191e-02
4.408827e-02;-8.365191e-02
4.527866e-02;-8.826529e-03
4.527866e-02;-8.826529e-03
4.527866e-02;-8.826529e-03
4.246914e-02;-1.526348e-01
4.246914e-02;-1.526348e-01
4.246914e-02;-1.526348e-01
9.344587e-03;-3.879373e-02
9.344587e-03;-3.879373e-02
9.344587e-03;-3.879373e-02
-4.493720e-02;3.189363e-01
-4.493720e-02;3.189363e-01
-4.509120e-02;2.784850e-01
-4.509120e-02;2.784850e-01
-4.509120e-02;2.784850e-01
-5.474351e-02;2.792294e-01
-5.474351e-02;2.792294e-01
-5.474351e-02;2.792294e-01
-5.100313e-02;2.825443e-01
-5.100313e-02;2.825443e-01
-5.100313e-02;2.825443e-01
-5.763515e-02;2.737403e-01
-5.763515e-02;2.737403e-01
-5.984397e-02;2.846561e-01
-3.219087e-02;2.685184e-01
-3.219087e-02;2.685184e-01
-1.097704e-02;2.086376e-01
-1.097704e-02;2.086376e-01
-1.097704e-02;2.086376e-01
-1.782746e-02;3.799411e-01
-1.782746e-02;3.799411e-01
-1.782746e-02;3.799411e-01
-4.398499e-03;3.429662e-01
-4.398499e-03;3.429662e-01
-4.398499e-03;3.429662e-01
2.595493e-03;1.241667e-02
2.595493e-03;1.241667e-02
-4.534014e-04;8.791375e-02
-4.534014e-04;8.791375e-02
-4.534014e-04;8.791375e-02
1.121834e-02;5.472174e-02
1.121834e-02;5.472174e-02
1.121834e-02;5.472174e-02
1.138855e-02;4.325969e-02
1.000000e-01;5.874404e-18
1.000000e-01;5.874404e-18
-1.945783e-02;-3.166599e-01
-1.945783e-02;-3.166599e-01
-1.945783e-02;-3.166599e-01
-2.581989e-02;-3.501504e-01
-2.581989e-02;-3.501504e-01
-2.581989e-02;-3.501504e-01
-3.291512e-02;-6.524560e-01
-3.291512e-02;-6.524560e-01
-3.291512e-02;-6.524560e-01
1.941155e-01;-5.557614e-01
1.941155e-01;-5.557614e-01
1.840335e-01;-9.908729e-01
1.840335e-01;-9.908729e-01
1.840335e-01;-9.908729e-01
1.736469e-01;-1.000000e+00
1.736469e-01;-1.000000e+00
1.736469e-01;-1.000000e+00
1.524163e-01;-9.928833e-01
1.524163e-01;-9.928833e-01
1.524163e-01;-9.928833e-01
1.301253e-01;-1.000000e+00
1.301253e-01;-1.000000e+00
1.157307e-01;-1.000000e+00
1.059622e-01;-7.009799e-01
1.059622e-01;-7.009799e-01
1.006038e-01;-2.512760e-01
1.006038e-01;-2.512760e-01
1.006038e-01;-2.512760e-01
9.292863e-02;-1.000000e+00
9.292863e-02;-1.000000e+00
9.292863e-02;-1.000000e+00
-1.546896e-01;-4.656039e-01
-1.546896e-01;-4.656039e-01
-1.546896e-01;-4.656039e-01
-3.434153e-01;5.137841e-01
-3.434153e-01;5.137841e-01
-3.402379e-01;6.050756e-01
-3.402379e-01;6.050756e-01
-3.402379e-01;6.050756e-01
-3.651802e-01;5.989247e-01
-3.651802e-01;5.989247e-01
-3.651802e-01;5.989247e-01
-3.570188e-01;6.013251e-01
-3.570188e-01;6.013251e-01
-3.570188e-01;6.013251e-01
-4.064903e-01;5.797931e-01
-4.064903e-01;5.797931e-01
-4.230162e-01;3.688006e-01
-3.823736e-01;2.081495e-01
-3.823736e-01;2.081495e-01
-2.693146e-01;-1.165667e-01
-2.693146e-01;-1.165667e-01
-2.693146e-01;-1.165667e-01
-2.801434e-01;7.376473e-01
-2.801434e-01;7.376473e-01
-2.801434e-01;7.376473e-01
-1.031400e-01;4.037936e-01
-1.031400e-01;4.037936e-01
-1.031400e-01;4.037936e-01
-1.192349e-01;-6.243971e-01
-1.192349e-01;-6.243971e-01
-1.357089e-01;-4.434778e-01
-1.357089e-01;-4.434778e-01
-1.357089e-01;-4.434778e-01
-1.086143e-01;-5.622945e-01
-1.086143e-01;-5.622945e-01
-1.086143e-01;-5.622945e-01
-1.162415e-01;-5.850151e-01
4.444444e-02;3.430021e-18
4.444444e-02;3.430021e-18
1.438217e-02;-2.592115e-02
1.438217e-02;-2.592115e-02
1.438217e-02;-2.592115e-02
1.242672e-02;-2.702686e-02
1.242672e-02;-2.702686e-02
1.242672e-02;-2.702686e-02
1.064155e-02;-7.222607e-02
1.064155e-02;-7.222607e-02
1.064155e-02;-7.222607e-02
5.884463e-02;-1.314756e-01
5.884463e-02;-1.314756e-01
5.764575e-02;-1.576673e-01
5.764575e-02;-1.576673e-01
5.764575e-02;-1.576673e-01
5.632547e-02;-1.630802e-01
5.632547e-02;-1.630802e-01
5.632547e-02;-1.630802e-01
4.765281e-02;-1.635191e-01
4.765281e-02;-1.635191e-01
4.765281e-02;-1.635191e-01
4.568806e-02;-1.663269e-01
4.568806e-02;-1.663269e-01
3.950949e-02;-1.760588e-01
2.998954e-02;-1.255168e-01
2.998954e-02;-1.255168e-01
4.626268e-02;-8.747172e-02
4.626268e-02;-8.747172e-02
4.626268e-02;-8.747172e-02
4.415212e-02;-1.912382e-01
4.415212e-02;-1.912382e-01
4.415212e-02;-1.912382e-01
1.846286e-02;-9.433735e-02
1.846286e-02;-9.433735e-02
1.846286e-02;-9.433735e-02
-2.077247e-02;2.949266e-01
-2.077247e-02;2.949266e-01
-2.116242e-02;2.275783e-01
-2.116242e-02;2.275783e-01
-2.116242e-02;2.275783e-01
-3.674294e-02;2.529461e-01
-3.674294e-02;2.529461e-01
-3.674294e-02;2.529461e-01
-3.133726e-02;2.560403e-01
-3.133726e-02;2.560403e-01
-3.133726e-02;2.560403e-01
-3.639336e-02;2.386776e-01
-3.639336e-02;2.386776e-01
-3.932515e-02;2.323185e-01
-2.540931e-02;2.432582e-01
-2.540931e-02;2.432582e-01
-1.957881e-02;2.151872e-01
-1.957881e-02;2.151872e-01
-1.957881e-02;2.151872e-01
-2.140535e-02;3.278863e-01
-2.140535e-02;3.278863e-01
-2.140535e-02;3.278863e-01
-1.696640e-02;3.115204e-01
-1.696640e-02;3.115204e-01
-1.696640e-02;3.115204e-01
-1.479537e-02;-2.238305e-02
-1.479537e-02;-2.238305e-02
-1.785395e-02;7.776015e-02
-1.785395e-02;7.776015e-02
-1.785395e-02;7.776015e-02
-2.464586e-03;3.883760e-02
-2.464586e-03;3.883760e-02
-2.464586e-03;3.883760e-02
-3.917218e-03;2.906349e-02
9.090909e-02;9.107298e-18
9.090909e-02;9.107298e-18
1.727192e-02;-1.911464e-01
1.727192e-02;-1.911464e-01
1.727192e-02;-1.911464e-01
1.382190e-02;-1.969038e-01
1.382190e-02;-1.969038e-01
1.382190e-02;-1.969038e-01
1.120420e-02;-2.951067e-01
1.120420e-02;-2.951067e-01
1.120420e-02;-2.951067e-01
9.214727e-02;-3.203751e-01
9.214727e-02;-3.203751e-01
8.931849e-02;-3.595441e-01
8.931849e-02;-3.595441e-01
8.931849e-02;-3.595441e-01
7.922616e-02;-3.644774e-01
7.922616e-02;-3.644774e-01
7.922616e-02;-3.644774e-01
6.522071e-02;-3.775355e-01
6.522071e-02;-3.775355e-01
6.522071e-02;-3.775355e-01
5.985278e-02;-3.851907e-01
5.985278e-02;-3.851907e-01
4.717299e-02;-4.145155e-01
2.588778e-02;-1.330217e-01
2.588778e-02;-1.330217e-01
6.151661e-02;8.671656e-02
6.151661e-02;8.671656e-02
6.151661e-02;8.671656e-02
5.859769e-02;-2.152537e-01
5.859769e-02;-2.152537e-01
5.859769e-02;-2.152537e-01
-6.678481e-04;2.343850e-03
-6.678481e-04;2.343850e-03
-6.678481e-04;2.343850e-03
-6.549993e-02;6.160203e-01
-6.549993e-02;6.160203e-01
-6.560758e-02;4.840113e-01
-6.560758e-02;4.840113e-01
-6.560758e-02;4.840113e-01
-8.381654e-02;5.013879e-01
-8.381654e-02;5.013879e-01
-8.381654e-02;5.013879e-01
-7.763262e-02;5.227583e-01
-7.763262e-02;5.227583e-01
-7.763262e-02;5.227583e-01
-8.872971e-02;4.624145e-01
-8.872971e-02;4.624145e-01
-9.262737e-02;3.637081e-01
-6.311924e-02;1.618999e-01
-6.311924e-02;1.618999e-01
-3.570209e-02;1.033335e-01
-3.570209e-02;1.033335e-01
-3.570209e-02;1.033335e-01
-4.918719e-02;4.452280e-01
-4.918719e-02;4.452280e-01
-4.918719e-02;4.452280e-01
-2.609991e-02;3.737184e-01
-2.609991e-02;3.737184e-01
-2.609991e-02;3.737184e-01
-2.476062e-02;-2.098475e-01
-2.476062e-02;-2.098475e-01
-3.658953e-02;-1.429435e-02
-3.658953e-02;-1.429435e-02
-3.658953e-02;-1.429435e-02
-1.225981e-02;-6.343235e-02
-1.225981e-02;-6.343235e-02
-1.225981e-02;-6.343235e-02
-1.537601e-02;-8.384635e-02
9.090909e-02;9.107298e-18
9.090909e-02;9.107298e-18
1.727192e-02;-1.911464e-01
1.727192e-02;-1.911464e-01
1.727192e-02;-1.911464e-01
1.382190e-02;-1.969038e-01
1.382190e-02;-1.969038e-01
1.382190e-02;-1.969038e-01
1.120420e-02;-2.951067e-01
1.120420e-02;-2.951067e-01
1.120420e-02;-2.951067e-01
9.214727e-02;-3.203751e-01
9.214727e-02;-3.203751e-01
8.931849e-02;-3.595441e-01
8.931849e-02;-3.595441e-01
8.931849e-02;-3.595441e-01
7.922616e-02;-3.644774e-01
7.922616e-02;-3.644774e-01
7.922616e-02;-3.644774e-01
6.522071e-02;-3.775355e-01
6.522071e-02;-3.775355e-01
6.522071e-02;-3.775355e-01
5.985278e-02;-3.851907e-01
5.985278e-02;-3.851907e-01
4.717299e-02;-4.145155e-01
2.588778e-02;-1.330217e-01
2.588778e-02;-1.330217e-01
6.151661e-02;8.671656e-02
6.151661e-02;8.671656e-02
6.151661e-02;8.671656e-02
5.859769e-02;-2.152537e-01
5.859769e-02;-2.152537e-01
5.859769e-02;-2.152537e-01
-6.678481e-04;2.343850e-03
-6.678481e-04;2.343850e-03
-6.678481e-04;2.343850e-03
-6.549993e-02;6.160203e-01
-6.549993e-02;6.160203e-01
-6.560758e-02;4.840113e-01
-6.560758e-02;4.840113e-01
-6.560758e-02;4.840113e-01
-8.381654e-02;5.013879e-01
-8.381654e-02;5.013879e-01
-8.381654e-02;5.013879e-01
-7.763262e-02;5.227583e-01
-7.763262e-02;5.227583e-01
-7.763262e-02;5.227583e-01
-8.872971e-02;4.624145e-01
-8.872971e-02;4.624145e-01
-9.262737e-02;3.637081e-01
-6.311924e-02;1.618999e-01
-6.311924e-02;1.618999e-01
-3.570209e-02;1.033335e-01
-3.570209e-02;1.033335e-01
-3.570209e-02;1.033335e-01
-4.918719e-02;4.452280e-01
-4.918719e-02;4.452280e-01
-4.918719e-02;4.452280e-01
-2.609991e-02;3.737184e-01
-2.609991e-02;3.737184e-01
-2.609991e-02;3.737184e-01
-2.476062e-02;-2.098475e-01
-2.476062e-02;-2.098475e-01
-3.658953e-02;-1.429435e-02
-3.658953e-02;-1.429435e-02
-3.658953e-02;-1.429435e-02
-1.225981e-02;-6.343235e-02
-1.225981e-02;-6.343235e-02
-1.225981e-02;-6.343235e-02
-1.537601e-02;-8.384635e-02
6.250000e-02;3.439878e-18
6.250000e-02;3.439878e-18
1.727437e-02;-1.139124e-01
1.727437e-02;-1.139124e-01
1.727437e-02;-1.139124e-01
1.404921e-02;-1.198610e-01
1.404921e-02;-1.198610e-01
1.404921e-02;-1.198610e-01
1.160541e-02;-1.959358e-01
1.160541e-02;-1.959358e-01
1.160541e-02;-1.959358e-01
8.195506e-02;-2.231491e-01
8.195506e-02;-2.231491e-01
7.919573e-02;-2.550774e-01
7.919573e-02;-2.550774e-01
7.919573e-02;-2.550774e-01
7.398344e-02;-2.665482e-01
7.398344e-02;-2.665482e-01
7.398344e-02;-2.665482e-01
6.176436e-02;-2.739753e-01
6.176436e-02;-2.739753e-01
6.176436e-02;-2.739753e-01
5.680491e-02;-2.808323e-01
5.680491e-02;-2.808323e-01
4.848541e-02;-3.042495e-01
3.466728e-02;-7.866132e-02
3.466728e-02;-7.866132e-02
4.554774e-02;6.230984e-02
4.554774e-02;6.230984e-02
4.554774e-02;6.230984e-02
4.269282e-02;-1.190956e-01
4.269282e-02;-1.190956e-01
4.269282e-02;-1.190956e-01
-4.310204e-03;4.967469e-02
-4.310204e-03;4.967469e-02
-4.310204e-03;4.967469e-02
-6.291439e-02;6.303195e-01
-6.291439e-02;6.303195e-01
-6.303083e-02;5.246248e-01
-6.303083e-02;5.246248e-01
-6.303083e-02;5.246248e-01
-8.037262e-02;5.439855e-01
-8.037262e-02;5.439855e-01
-8.037262e-02;5.439855e-01
-7.322831e-02;5.546579e-01
-7.322831e-02;5.546579e-01
-7.322831e-02;5.546579e-01
-8.254157e-02;4.964316e-01
-8.254157e-02;4.964316e-01
-8.804965e-02;4.130310e-01
-6.267842e-02;2.974296e-01
-6.267842e-02;2.974296e-01
-3.754323e-02;2.414277e-01
-3.754323e-02;2.414277e-01
-3.754323e-02;2.414277e-01
-4.785010e-02;4.560098e-01
-4.785010e-02;4.560098e-01
-4.785010e-02;4.560098e-01
-2.560583e-02;3.900685e-01
-2.560583e-02;3.900685e-01
-2.560583e-02;3.900685e-01
-2.092041e-02;-1.634720e-01
-2.092041e-02;-1.634720e-01
-2.985011e-02;-7.185515e-03
-2.985011e-02;-7.185515e-03
-2.985011e-02;-7.185515e-03
-1.090974e-02;-4.563934e-02
-1.090974e-02;-4.563934e-02
-1.090974e-02;-4.563934e-02
-1.162103e-02;-6.732072e-02
6.250000e-02;3.439878e-18
6.250000e-02;3.439878e-18
3.006375e-02;-8.447319e-02
3.006375e-02;-8.447319e-02
3.006375e-02;-8.447319e-02
2.649435e-02;-9.133409e-02
2.649435e-02;-9.133409e-02
2.649435e-02;-9.133409e-02
2.399949e-02;-1.675023e-01
2.399949e-02;-1.675023e-01
2.399949e-02;-1.675023e-01
1.053837e-01;-1.976276e-01
1.053837e-01;-1.976276e-01
1.024120e-01;-2.256211e-01
1.024120e-01;-2.256211e-01
1.024120e-01;-2.256211e-01
9.723542e-02;-2.402701e-01
9.723542e-02;-2.402701e-01
9.723542e-02;-2.402701e-01
8.421004e-02;-2.443196e-01
8.421004e-02;-2.443196e-01
8.421004e-02;-2.443196e-01
7.951987e-02;-2.522515e-01
7.951987e-02;-2.522515e-01
6.802771e-02;-2.713581e-01
5.053740e-02;2.318956e-02
5.053740e-02;2.318956e-02
5.493799e-02;1.252081e-01
5.493799e-02;1.252081e-01
5.493799e-02;1.252081e-01
5.259132e-02;1.754900e-02
5.259132e-02;1.754900e-02
5.259132e-02;1.754900e-02
1.907575e-02;1.565093e-01
1.907575e-02;1.565093e-01
1.907575e-02;1.565093e-01
-5.134324e-02;6.933657e-01
-5.134324e-02;6.933657e-01
-5.157985e-02;6.212075e-01
-5.157985e-02;6.212075e-01
-5.157985e-02;6.212075e-01
-7.258395e-02;6.574985e-01
-7.258395e-02;6.574985e-01
-7.258395e-02;6.574985e-01
-6.470961e-02;6.648398e-01
-6.470961e-02;6.648398e-01
-6.470961e-02;6.648398e-01
-7.353842e-02;6.301845e-01
-7.353842e-02;6.301845e-01
-7.505492e-02;5.833324e-01
-3.800306e-02;3.707860e-01
-3.800306e-02;3.707860e-01
-1.971158e-02;3.290379e-01
-1.971158e-02;3.290379e-01
-1.971158e-02;3.290379e-01
-3.195373e-02;4.747227e-01
-3.195373e-02;4.747227e-01
-3.195373e-02;4.747227e-01
-2.737922e-02;4.492737e-01
-2.737922e-02;4.492737e-01
-2.737922e-02;4.492737e-01
-1.937272e-02;-6.400060e-02
-1.937272e-02;-6.400060e-02
-2.991576e-02;5.841892e-02
-2.991576e-02;5.841892e-02
-2.991576e-02;5.841892e-02
-7.152382e-03;6.408732e-03
-7.152382e-03;6.408732e-03
-7.152382e-03;6.408732e-03
-7.519487e-03;-1.764366e-02
