3.038367e-02;4.421830e-02
3.038367e-02;4.421830e-02
3.038367e-02;4.421830e-02
3.038367e-02;4.421830e-02
3.038367e-02;4.421830e-02
3.038367e-02;4.421830e-02
-8.640188e-02;4.318443e-02
-8.640188e-02;4.318443e-02
-8.640188e-02;4.318443e-02
-8.640188e-02;4.318443e-02
-8.640188e-02;4.318443e-02
-8.640188e-02;4.318443e-02
-4.697130e-01;2.245858e-01
-4.697130e-01;2.245858e-01
-4.697130e-01;2.245858e-01
-4.697130e-01;2.245858e-01
-4.697130e-01;2.245858e-01
-4.697130e-01;2.245858e-01
1.000000e+00;-6.404457e-01
1.000000e+00;-6.404457e-01
1.000000e+00;-6.404457e-01
1.000000e+00;-6.404457e-01
5.985113e-01;-5.657851e-01
5.985113e-01;-5.657851e-01
5.985113e-01;-5.657851e-01
5.985113e-01;-5.657851e-01
5.985113e-01;-5.657851e-01
5.985113e-01;-5.657851e-01
5.536982e-01;-5.406245e-01
5.536982e-01;-5.406245e-01
5.536982e-01;-5.406245e-01
5.536982e-01;-5.406245e-01
5.536982e-01;-5.406245e-01
5.536982e-01;-5.406245e-01
4.750765e-01;-6.481945e-01
4.750765e-01;-6.481945e-01
4.750765e-01;-6.481945e-01
4.750765e-01;-6.481945e-01
4.750765e-01;-6.481945e-01
4.750765e-01;-6.481945e-01
3.391460e-01;-8.297626e-01
3.391460e-01;-8.297626e-01
3.391460e-01;-8.297626e-01
3.391460e-01;-8.297626e-01
2.715607e-01;-8.590824e-01
2.715607e-01;-8.590824e-01
4.478629e-01;-1.000000e+00
4.478629e-01;-1.000000e+00
4.478629e-01;-1.000000e+00
4.478629e-01;-1.000000e+00
3.888127e-01;-9.773938e-01
3.888127e-01;-9.773938e-01
3.888127e-01;-9.773938e-01
3.888127e-01;-9.773938e-01
3.888127e-01;-9.773938e-01
3.888127e-01;-9.773938e-01
-1.940261e-03;-6.917818e-01
-1.940261e-03;-6.917818e-01
-1.940261e-03;-6.917818e-01
-1.940261e-03;-6.917818e-01
-1.940261e-03;-6.917818e-01
-1.940261e-03;-6.917818e-01
1.046566e-01;-7.273153e-01
1.046566e-01;-7.273153e-01
1.046566e-01;-7.273153e-01
1.046566e-01;-7.273153e-01
1.046566e-01;-7.273153e-01
1.046566e-01;-7.273153e-01
-9.590898e-01;-2.427887e-01
-9.590898e-01;-2.427887e-01
-9.590898e-01;-2.427887e-01
-9.590898e-01;-2.427887e-01
-6.621194e-01;-4.147305e-01
-6.621194e-01;-4.147305e-01
-6.621194e-01;-4.147305e-01
-6.621194e-01;-4.147305e-01
-6.621194e-01;-4.147305e-01
-6.621194e-01;-4.147305e-01
-6.800403e-01;-3.764129e-01
-6.800403e-01;-3.764129e-01
-6.800403e-01;-3.764129e-01
-6.800403e-01;-3.764129e-01
-6.800403e-01;-3.764129e-01
-6.800403e-01;-3.764129e-01
-6.373708e-01;-3.334718e-01
-6.373708e-01;-3.334718e-01
-6.373708e-01;-3.334718e-01
-6.373708e-01;-3.334718e-01
-6.373708e-01;-3.334718e-01
-6.373708e-01;-3.334718e-01
-5.517507e-01;-1.213285e-01
-5.517507e-01;-1.213285e-01
-5.517507e-01;-1.213285e-01
-5.517507e-01;-1.213285e-01
-5.572871e-01;-1.633634e-01
-5.572871e-01;-1.633634e-01
-5.030759e-01;1.000000e+00
-5.030759e-01;1.000000e+00
-5.030759e-01;1.000000e+00
-5.030759e-01;1.000000e+00
-7.789938e-01;1.000000e+00
-7.789938e-01;1.000000e+00
-7.789938e-01;1.000000e+00
-7.789938e-01;1.000000e+00
-7.789938e-01;1.000000e+00
-7.789938e-01;1.000000e+00
-3.711746e-01;8.896508e-01
-3.711746e-01;8.896508e-01
-3.711746e-01;8.896508e-01
-3.711746e-01;8.896508e-01
-3.711746e-01;8.896508e-01
-3.711746e-01;8.896508e-01
-3.062662e-01;7.675232e-01
-3.062662e-01;7.675232e-01
-3.062662e-01;7.675232e-01
-3.062662e-01;7.675232e-01
-3.062662e-01;7.675232e-01
-3.062662e-01;7.675232e-01
-2.880086e-01;8.649561e-01
-2.880086e-01;8.649561e-01
-2.880086e-01;8.649561e-01
-2.880086e-01;8.649561e-01
-2.652249e-01;9.730598e-01
-2.652249e-01;9.730598e-01
-2.652249e-01;9.730598e-01
-2.652249e-01;9.730598e-01
-2.652249e-01;9.730598e-01
-2.652249e-01;9.730598e-01
-3.019188e-01;1.000000e+00
-3.019188e-01;1.000000e+00
-3.019188e-01;1.000000e+00
-3.019188e-01;1.000000e+00
-3.019188e-01;1.000000e+00
-3.019188e-01;1.000000e+00
-3.034490e-01;9.850442e-01
-3.034490e-01;9.850442e-01
3.038367e-02;4.421830e-02
3.038367e-02;4.421830e-02
3.038367e-02;4.421830e-02
3.038367e-02;4.421830e-02
3.038367e-02;4.421830e-02
3.038367e-02;4.421830e-02
-8.640188e-02;4.318443e-02
-8.640188e-02;4.318443e-02
-8.640188e-02;4.318443e-02
-8.640188e-02;4.318443e-02
-8.640188e-02;4.318443e-02
-8.640188e-02;4.318443e-02
-4.697130e-01;2.245858e-01
-4.697130e-01;2.245858e-01
-4.697130e-01;2.245858e-01
-4.697130e-01;2.245858e-01
-4.697130e-01;2.245858e-01
-4.697130e-01;2.245858e-01
1.000000e+00;-6.404457e-01
1.000000e+00;-6.404457e-01
1.000000e+00;-6.404457e-01
1.000000e+00;-6.404457e-01
5.985113e-01;-5.657851e-01
5.985113e-01;-5.657851e-01
5.985113e-01;-5.657851e-01
5.985113e-01;-5.657851e-01
5.985113e-01;-5.657851e-01
5.985113e-01;-5.657851e-01
5.536982e-01;-5.406245e-01
5.536982e-01;-5.406245e-01
5.536982e-01;-5.406245e-01
5.536982e-01;-5.406245e-01
5.536982e-01;-5.406245e-01
5.536982e-01;-5.406245e-01
4.750765e-01;-6.481945e-01
4.750765e-01;-6.481945e-01
4.750765e-01;-6.481945e-01
4.750765e-01;-6.481945e-01
4.750765e-01;-6.481945e-01
4.750765e-01;-6.481945e-01
3.391460e-01;-8.297626e-01
3.391460e-01;-8.297626e-01
3.391460e-01;-8.297626e-01
3.391460e-01;-8.297626e-01
2.715607e-01;-8.590824e-01
2.715607e-01;-8.590824e-01
4.478629e-01;-1.000000e+00
4.478629e-01;-1.000000e+00
4.478629e-01;-1.000000e+00
4.478629e-01;-1.000000e+00
3.888127e-01;-9.773938e-01
3.888127e-01;-9.773938e-01
3.888127e-01;-9.773938e-01
3.888127e-01;-9.773938e-01
3.888127e-01;-9.773938e-01
3.888127e-01;-9.773938e-01
-1.940261e-03;-6.917818e-01
-1.940261e-03;-6.917818e-01
-1.940261e-03;-6.917818e-01
-1.940261e-03;-6.917818e-01
-1.940261e-03;-6.917818e-01
-1.940261e-03;-6.917818e-01
1.046566e-01;-7.273153e-01
1.046566e-01;-7.273153e-01
1.046566e-01;-7.273153e-01
1.046566e-01;-7.273153e-01
1.046566e-01;-7.273153e-01
1.046566e-01;-7.273153e-01
-9.590898e-01;-2.427887e-01
-9.590898e-01;-2.427887e-01
-9.590898e-01;-2.427887e-01
-9.590898e-01;-2.427887e-01
-6.621194e-01;-4.147305e-01
-6.621194e-01;-4.147305e-01
-6.621194e-01;-4.147305e-01
-6.621194e-01;-4.147305e-01
-6.621194e-01;-4.147305e-01
-6.621194e-01;-4.147305e-01
-6.800403e-01;-3.764129e-01
-6.800403e-01;-3.764129e-01
-6.800403e-01;-3.764129e-01
-6.800403e-01;-3.764129e-01
-6.800403e-01;-3.764129e-01
-6.800403e-01;-3.764129e-01
-6.373708e-01;-3.334718e-01
-6.373708e-01;-3.334718e-01
-6.373708e-01;-3.334718e-01
-6.373708e-01;-3.334718e-01
-6.373708e-01;-3.334718e-01
-6.373708e-01;-3.334718e-01
-5.517507e-01;-1.213285e-01
-5.517507e-01;-1.213285e-01
-5.517507e-01;-1.213285e-01
-5.517507e-01;-1.213285e-01
-5.572871e-01;-1.633634e-01
-5.572871e-01;-1.633634e-01
-5.030759e-01;1.000000e+00
-5.030759e-01;1.000000e+00
-5.030759e-01;1.000000e+00
-5.030759e-01;1.000000e+00
-7.789938e-01;1.000000e+00
-7.789938e-01;1.000000e+00
-7.789938e-01;1.000000e+00
-7.789938e-01;1.000000e+00
-7.789938e-01;1.000000e+00
-7.789938e-01;1.000000e+00
-3.711746e-01;8.896508e-01
-3.711746e-01;8.896508e-01
-3.711746e-01;8.896508e-01
-3.711746e-01;8.896508e-01
-3.711746e-01;8.896508e-01
-3.711746e-01;8.896508e-01
-3.062662e-01;7.675232e-01
-3.062662e-01;7.675232e-01
-3.062662e-01;7.675232e-01
-3.062662e-01;7.675232e-01
-3.062662e-01;7.675232e-01
-3.062662e-01;7.675232e-01
-2.880086e-01;8.649561e-01
-2.880086e-01;8.649561e-01
-2.880086e-01;8.649561e-01
-2.880086e-01;8.649561e-01
-2.652249e-01;9.730598e-01
-2.652249e-01;9.730598e-01
-2.652249e-01;9.730598e-01
-2.652249e-01;9.730598e-01
-2.652249e-01;9.730598e-01
-2.652249e-01;9.730598e-01
-3.019188e-01;1.000000e+00
-3.019188e-01;1.000000e+00
-3.019188e-01;1.000000e+00
-3.019188e-01;1.000000e+00
-3.019188e-01;1.000000e+00
-3.019188e-01;1.000000e+00
-3.034490e-01;9.850442e-01
-3.034490e-01;9.850442e-01
3.038367e-02;4.421830e-02
3.038367e-02;4.421830e-02
3.038367e-02;4.421830e-02
3.038367e-02;4.421830e-02
3.038367e-02;4.421830e-02
3.038367e-02;4.421830e-02
-8.640188e-02;4.318443e-02
-8.640188e-02;4.318443e-02
-8.640188e-02;4.318443e-02
-8.640188e-02;4.318443e-02
-8.640188e-02;4.318443e-02
-8.640188e-02;4.318443e-02
-4.697130e-01;2.245858e-01
-4.697130e-01;2.245858e-01
-4.697130e-01;2.245858e-01
-4.697130e-01;2.245858e-01
-4.697130e-01;2.245858e-01
-4.697130e-01;2.245858e-01
1.000000e+00;-6.404457e-01
1.000000e+00;-6.404457e-01
1.000000e+00;-6.404457e-01
1.000000e+00;-6.404457e-01
5.985113e-01;-5.657851e-01
5.985113e-01;-5.657851e-01
5.985113e-01;-5.657851e-01
5.985113e-01;-5.657851e-01
5.985113e-01;-5.657851e-01
5.985113e-01;-5.657851e-01
5.536982e-01;-5.406245e-01
5.536982e-01;-5.406245e-01
5.536982e-01;-5.406245e-01
5.536982e-01;-5.406245e-01
5.536982e-01;-5.406245e-01
5.536982e-01;-5.406245e-01
4.750765e-01;-6.481945e-01
4.750765e-01;-6.481945e-01
4.750765e-01;-6.481945e-01
4.750765e-01;-6.481945e-01
4.750765e-01;-6.481945e-01
4.750765e-01;-6.481945e-01
3.391460e-01;-8.297626e-01
3.391460e-01;-8.297626e-01
3.391460e-01;-8.297626e-01
3.391460e-01;-8.297626e-01
2.715607e-01;-8.590824e-01
2.715607e-01;-8.590824e-01
4.478629e-01;-1.000000e+00
4.478629e-01;-1.000000e+00
4.478629e-01;-1.000000e+00
4.478629e-01;-1.000000e+00
3.888127e-01;-9.773938e-01
3.888127e-01;-9.773938e-01
3.888127e-01;-9.773938e-01
3.888127e-01;-9.773938e-01
3.888127e-01;-9.773938e-01
3.888127e-01;-9.773938e-01
-1.940261e-03;-6.917818e-01
-1.940261e-03;-6.917818e-01
-1.940261e-03;-6.917818e-01
-1.940261e-03;-6.917818e-01
-1.940261e-03;-6.917818e-01
-1.940261e-03;-6.917818e-01
1.046566e-01;-7.273153e-01
1.046566e-01;-7.273153e-01
1.046566e-01;-7.273153e-01
1.046566e-01;-7.273153e-01
1.046566e-01;-7.273153e-01
1.046566e-01;-7.273153e-01
-9.590898e-01;-2.427887e-01
-9.590898e-01;-2.427887e-01
-9.590898e-01;-2.427887e-01
-9.590898e-01;-2.427887e-01
-6.621194e-01;-4.147305e-01
-6.621194e-01;-4.147305e-01
-6.621194e-01;-4.147305e-01
-6.621194e-01;-4.147305e-01
-6.621194e-01;-4.147305e-01
-6.621194e-01;-4.147305e-01
-6.800403e-01;-3.764129e-01
-6.800403e-01;-3.764129e-01
-6.800403e-01;-3.764129e-01
-6.800403e-01;-3.764129e-01
-6.800403e-01;-3.764129e-01
-6.800403e-01;-3.764129e-01
-6.373708e-01;-3.334718e-01
-6.373708e-01;-3.334718e-01
-6.373708e-01;-3.334718e-01
-6.373708e-01;-3.334718e-01
-6.373708e-01;-3.334718e-01
-6.373708e-01;-3.334718e-01
-5.517507e-01;-1.213285e-01
-5.517507e-01;-1.213285e-01
-5.517507e-01;-1.213285e-01
-5.517507e-01;-1.213285e-01
-5.572871e-01;-1.633634e-01
-5.572871e-01;-1.633634e-01
-5.030759e-01;1.000000e+00
-5.030759e-01;1.000000e+00
-5.030759e-01;1.000000e+00
-5.030759e-01;1.000000e+00
-7.789938e-01;1.000000e+00
-7.789938e-01;1.000000e+00
-7.789938e-01;1.000000e+00
-7.789938e-01;1.000000e+00
-7.789938e-01;1.000000e+00
-7.789938e-01;1.000000e+00
-3.711746e-01;8.896508e-01
-3.711746e-01;8.896508e-01
-3.711746e-01;8.896508e-01
-3.711746e-01;8.896508e-01
-3.711746e-01;8.896508e-01
-3.711746e-01;8.896508e-01
-3.062662e-01;7.675232e-01
-3.062662e-01;7.675232e-01
-3.062662e-01;7.675232e-01
-3.062662e-01;7.675232e-01
-3.062662e-01;7.675232e-01
-3.062662e-01;7.675232e-01
-2.880086e-01;8.649561e-01
-2.880086e-01;8.649561e-01
-2.880086e-01;8.649561e-01
-2.880086e-01;8.649561e-01
-2.652249e-01;9.730598e-01
-2.652249e-01;9.730598e-01
-2.652249e-01;9.730598e-01
-2.652249e-01;9.730598e-01
-2.652249e-01;9.730598e-01
-2.652249e-01;9.730598e-01
-3.019188e-01;1.000000e+00
-3.019188e-01;1.000000e+00
-3.019188e-01;1.000000e+00
-3.019188e-01;1.000000e+00
-3.019188e-01;1.000000e+00
-3.019188e-01;1.000000e+00
-3.034490e-01;9.850442e-01
-3.034490e-01;9.850442e-01
3.038367e-02;4.421830e-02
3.038367e-02;4.421830e-02
3.038367e-02;4.421830e-02
3.038367e-02;4.421830e-02
3.038367e-02;4.421830e-02
3.038367e-02;4.421830e-02
-8.640188e-02;4.318443e-02
-8.640188e-02;4.318443e-02
-8.640188e-02;4.318443e-02
-8.640188e-02;4.318443e-02
-8.640188e-02;4.318443e-02
-8.640188e-02;4.318443e-02
-4.697130e-01;2.245858e-01
-4.697130e-01;2.245858e-01
-4.697130e-01;2.245858e-01
-4.697130e-01;2.245858e-01
-4.697130e-01;2.245858e-01
-4.697130e-01;2.245858e-01
1.000000e+00;-6.404457e-01
1.000000e+00;-6.404457e-01
1.000000e+00;-6.404457e-01
1.000000e+00;-6.404457e-01
5.985113e-01;-5.657851e-01
5.985113e-01;-5.657851e-01
5.985113e-01;-5.657851e-01
5.985113e-01;-5.657851e-01
5.985113e-01;-5.657851e-01
5.985113e-01;-5.657851e-01
5.536982e-01;-5.406245e-01
5.536982e-01;-5.406245e-01
5.536982e-01;-5.406245e-01
5.536982e-01;-5.406245e-01
5.536982e-01;-5.406245e-01
5.536982e-01;-5.406245e-01
4.750765e-01;-6.481945e-01
4.750765e-01;-6.481945e-01
4.750765e-01;-6.481945e-01
4.750765e-01;-6.481945e-01
4.750765e-01;-6.481945e-01
4.750765e-01;-6.481945e-01
3.391460e-01;-8.297626e-01
3.391460e-01;-8.297626e-01
3.391460e-01;-8.297626e-01
3.391460e-01;-8.297626e-01
2.715607e-01;-8.590824e-01
2.715607e-01;-8.590824e-01
4.478629e-01;-1.000000e+00
4.478629e-01;-1.000000e+00
4.478629e-01;-1.000000e+00
4.478629e-01;-1.000000e+00
3.888127e-01;-9.773938e-01
3.888127e-01;-9.773938e-01
3.888127e-01;-9.773938e-01
3.888127e-01;-9.773938e-01
3.888127e-01;-9.773938e-01
3.888127e-01;-9.773938e-01
-1.940261e-03;-6.917818e-01
-1.940261e-03;-6.917818e-01
-1.940261e-03;-6.917818e-01
-1.940261e-03;-6.917818e-01
-1.940261e-03;-6.917818e-01
-1.940261e-03;-6.917818e-01
1.046566e-01;-7.273153e-01
1.046566e-01;-7.273153e-01
1.046566e-01;-7.273153e-01
1.046566e-01;-7.273153e-01
1.046566e-01;-7.273153e-01
1.046566e-01;-7.273153e-01
-9.590898e-01;-2.427887e-01
-9.590898e-01;-2.427887e-01
-9.590898e-01;-2.427887e-01
-9.590898e-01;-2.427887e-01
-6.621194e-01;-4.147305e-01
-6.621194e-01;-4.147305e-01
-6.621194e-01;-4.147305e-01
-6.621194e-01;-4.147305e-01
-6.621194e-01;-4.147305e-01
-6.621194e-01;-4.147305e-01
-6.800403e-01;-3.764129e-01
-6.800403e-01;-3.764129e-01
-6.800403e-01;-3.764129e-01
-6.800403e-01;-3.764129e-01
-6.800403e-01;-3.764129e-01
-6.800403e-01;-3.764129e-01
-6.373708e-01;-3.334718e-01
-6.373708e-01;-3.334718e-01
-6.373708e-01;-3.334718e-01
-6.373708e-01;-3.334718e-01
-6.373708e-01;-3.334718e-01
-6.373708e-01;-3.334718e-01
-5.517507e-01;-1.213285e-01
-5.517507e-01;-1.213285e-01
-5.517507e-01;-1.213285e-01
-5.517507e-01;-1.213285e-01
-5.572871e-01;-1.633634e-01
-5.572871e-01;-1.633634e-01
-5.030759e-01;1.000000e+00
-5.030759e-01;1.000000e+00
-5.030759e-01;1.000000e+00
-5.030759e-01;1.000000e+00
-7.789938e-01;1.000000e+00
-7.789938e-01;1.000000e+00
-7.789938e-01;1.000000e+00
-7.789938e-01;1.000000e+00
-7.789938e-01;1.000000e+00
-7.789938e-01;1.000000e+00
-3.711746e-01;8.896508e-01
-3.711746e-01;8.896508e-01
-3.711746e-01;8.896508e-01
-3.711746e-01;8.896508e-01
-3.711746e-01;8.896508e-01
-3.711746e-01;8.896508e-01
-3.062662e-01;7.675232e-01
-3.062662e-01;7.675232e-01
-3.062662e-01;7.675232e-01
-3.062662e-01;7.675232e-01
-3.062662e-01;7.675232e-01
-3.062662e-01;7.675232e-01
-2.880086e-01;8.649561e-01
-2.880086e-01;8.649561e-01
-2.880086e-01;8.649561e-01
-2.880086e-01;8.649561e-01
-2.652249e-01;9.730598e-01
-2.652249e-01;9.730598e-01
-2.652249e-01;9.730598e-01
-2.652249e-01;9.730598e-01
-2.652249e-01;9.730598e-01
-2.652249e-01;9.730598e-01
-3.019188e-01;1.000000e+00
-3.019188e-01;1.000000e+00
-3.019188e-01;1.000000e+00
-3.019188e-01;1.000000e+00
-3.019188e-01;1.000000e+00
-3.019188e-01;1.000000e+00
-3.034490e-01;9.850442e-01
-3.034490e-01;9.850442e-01
1.333333e-01;1.441989e-17
1.333333e-01;1.441989e-17
2.430694e-02;3.095281e-02
2.430694e-02;3.095281e-02
2.430694e-02;3.095281e-02
-6.912150e-02;3.022910e-02
-6.912150e-02;3.022910e-02
-6.912150e-02;3.022910e-02
-3.757704e-01;1.572101e-01
-3.757704e-01;1.572101e-01
-3.757704e-01;1.572101e-01
1.000000e+00;-4.483120e-01
1.000000e+00;-4.483120e-01
5.985113e-01;-3.960496e-01
5.985113e-01;-3.960496e-01
5.985113e-01;-3.960496e-01
5.536982e-01;-3.784372e-01
5.536982e-01;-3.784372e-01
5.536982e-01;-3.784372e-01
4.750765e-01;-4.537361e-01
4.750765e-01;-4.537361e-01
4.750765e-01;-4.537361e-01
3.391460e-01;-5.808338e-01
3.391460e-01;-5.808338e-01
2.715607e-01;-6.013577e-01
4.478629e-01;-1.000000e+00
4.478629e-01;-1.000000e+00
3.888127e-01;-9.773938e-01
3.888127e-01;-9.773938e-01
3.888127e-01;-9.773938e-01
-1.940261e-03;-6.917818e-01
-1.940261e-03;-6.917818e-01
-1.940261e-03;-6.917818e-01
1.046566e-01;-7.273153e-01
1.046566e-01;-7.273153e-01
1.046566e-01;-7.273153e-01
-9.590898e-01;-2.427887e-01
-9.590898e-01;-2.427887e-01
-6.621194e-01;-4.147305e-01
-6.621194e-01;-4.147305e-01
-6.621194e-01;-4.147305e-01
-6.800403e-01;-3.764129e-01
-6.800403e-01;-3.764129e-01
-6.800403e-01;-3.764129e-01
-6.373708e-01;-3.334718e-01
-6.373708e-01;-3.334718e-01
-6.373708e-01;-3.334718e-01
-5.517507e-01;-1.213285e-01
-5.517507e-01;-1.213285e-01
-5.572871e-01;-1.633634e-01
-5.030759e-01;1.000000e+00
-5.030759e-01;1.000000e+00
-7.789938e-01;1.000000e+00
-7.789938e-01;1.000000e+00
-7.789938e-01;1.000000e+00
-3.711746e-01;8.896508e-01
-3.711746e-01;8.896508e-01
-3.711746e-01;8.896508e-01
-3.062662e-01;7.675232e-01
-3.062662e-01;7.675232e-01
-3.062662e-01;7.675232e-01
-2.880086e-01;8.649561e-01
-2.880086e-01;8.649561e-01
-2.652249e-01;9.730598e-01
-2.652249e-01;9.730598e-01
-2.652249e-01;9.730598e-01
-3.019188e-01;1.000000e+00
-3.019188e-01;1.000000e+00
-3.019188e-01;1.000000e+00
-3.034490e-01;9.850442e-01
2.588235e-01;-8.261621e-18
2.588235e-01;-8.261621e-18
2.588235e-01;-8.261621e-18
2.588235e-01;-8.261621e-18
4.223849e-02;8.303939e-02
4.223849e-02;8.303939e-02
4.223849e-02;8.303939e-02
4.223849e-02;8.303939e-02
4.223849e-02;8.303939e-02
4.223849e-02;8.303939e-02
4.223849e-02;8.303939e-02
-1.323889e-01;3.411364e-02
-1.323889e-01;3.411364e-02
-1.323889e-01;3.411364e-02
-1.323889e-01;3.411364e-02
-1.323889e-01;3.411364e-02
-1.323889e-01;3.411364e-02
-1.323889e-01;3.411364e-02
-2.573879e-01;7.762498e-02
-2.573879e-01;7.762498e-02
-2.573879e-01;7.762498e-02
-2.573879e-01;7.762498e-02
-3.233603e-01;5.652403e-02
-3.233603e-01;5.652403e-02
-3.233603e-01;5.652403e-02
4.621376e-02;4.462967e-01
4.621376e-02;4.462967e-01
4.621376e-02;4.462967e-01
4.621376e-02;4.462967e-01
9.460305e-02;3.735893e-01
9.460305e-02;3.735893e-01
9.460305e-02;3.735893e-01
9.460305e-02;3.735893e-01
9.460305e-02;3.735893e-01
9.460305e-02;3.735893e-01
8.000000e-02;6.808790e-18
-3.843467e-02;1.742718e-02
-1.628659e-01;5.802512e-02
-1.628659e-01;5.802512e-02
-2.647154e-01;1.402792e-01
-9.775654e-01;2.794889e-01
-9.775654e-01;2.794889e-01
-1.000000e+00;3.094524e-01
-1.000000e+00;3.012231e-01
-1.000000e+00;3.012231e-01
-1.000000e+00;2.983846e-01
-1.000000e+00;3.309364e-01
-1.000000e+00;3.309364e-01
-1.000000e+00;2.981361e-01
-1.000000e+00;2.557925e-01
-1.000000e+00;2.557925e-01
-8.411435e-01;1.893402e-01
-9.240647e-01;2.859514e-01
-1.000000e+00;-3.426154e-01
-4.840226e-01;-8.417488e-01
-5.898389e-01;-7.429286e-01
-7.105175e-01;-6.346621e-01
1.000000e+00;-1.000000e+00
9.184755e-01;-9.766468e-01
7.071454e-01;-7.500085e-01
1.000000e+00;-9.211411e-01
1.000000e+00;-9.306909e-01
1.000000e+00;-9.503140e-01
1.000000e+00;-9.503140e-01
9.629310e-01;-1.000000e+00
1.000000e+00;-1.000000e+00
1.000000e+00;-1.000000e+00
1.000000e+00;-1.000000e+00
1.000000e+00;-9.968681e-01
1.000000e+00;-9.968681e-01
1.000000e+00;-1.000000e+00
8.429803e-01;-1.000000e+00
8.429803e-01;-1.000000e+00
8.412499e-01;-9.926797e-01
8.546494e-01;-9.878388e-01
8.546494e-01;-9.878388e-01
8.515676e-01;-9.418808e-01
8.263042e-01;-1.000000e+00
9.089860e-01;-8.914381e-01
7.614872e-01;-7.995190e-01
7.676351e-01;-8.146004e-01
7.974002e-01;-8.338536e-01
-1.255217e-01;-5.029828e-01
-8.904210e-02;-4.882208e-01
4.418913e-02;-5.542042e-01
-3.255103e-01;-4.834064e-01
-3.305050e-01;-4.810378e-01
-3.849766e-01;-5.248491e-01
-3.849766e-01;-5.248491e-01
-3.381164e-01;-4.846705e-01
-3.218937e-01;-5.026623e-01
-3.218937e-01;-5.026623e-01
-3.361225e-01;-4.903880e-01
-3.433305e-01;-5.048288e-01
-3.433305e-01;-5.048288e-01
-4.019954e-01;-5.231859e-01
-2.787002e-01;4.060199e-02
-2.787002e-01;4.060199e-02
-3.096421e-01;5.340528e-02
-3.759168e-01;9.552576e-02
-3.759168e-01;9.552576e-02
-3.099091e-01;6.271251e-02
-2.789671e-01;1.553466e-01
-2.749188e-01;1.628364e-01
-2.653882e-01;1.659650e-01
-3.251716e-01;2.902672e-01
-3.297888e-01;3.048235e-01
-3.597343e-01;2.194631e-01
-3.413529e-01;1.979222e-01
-3.313766e-01;1.867616e-01
-2.657211e-01;2.675957e-01
-2.642566e-01;2.547586e-01
-2.104943e-01;2.822200e-01
-2.104943e-01;2.822200e-01
-2.396345e-01;3.391361e-01
-2.496289e-01;3.409398e-01
-2.496289e-01;3.409398e-01
-2.392877e-01;3.386931e-01
-2.326850e-01;3.545133e-01
-2.326850e-01;3.545133e-01
-1.675264e-01;3.979947e-01
-1.264417e-01;3.408653e-01
-1.264417e-01;3.408653e-01
-9.747137e-02;3.292168e-01
-3.903680e-02;2.862246e-01
-3.903680e-02;2.862246e-01
-1.165359e-01;3.222800e-01
-1.066480e-01;3.087924e-01
-1.096464e-01;3.228373e-01
-1.305146e-01;3.256790e-01
-4.926936e-02;1.998420e-01
-4.058382e-02;1.862135e-01
-7.779847e-03;2.029778e-01
-1.428632e-02;1.665528e-01
-1.827879e-02;1.456428e-01
-6.256732e-02;9.547576e-02
-6.496932e-02;9.865097e-02
-1.654927e-01;2.753245e-01
-1.654927e-01;2.753245e-01
-1.392486e-01;1.020838e-01
-1.358232e-01;9.511200e-02
-1.358232e-01;9.511200e-02
-1.457074e-01;7.627661e-02
-1.518066e-01;8.504006e-02
-1.518066e-01;8.504006e-02
-1.600978e-01;8.825006e-02
-1.682514e-01;1.038546e-01
-1.682514e-01;1.038546e-01
-1.714751e-01;1.080912e-01
-1.703464e-01;8.432867e-02
-1.703464e-01;8.432867e-02
-1.552174e-01;9.191926e-02
-1.564719e-01;4.318728e-02
-1.516771e-01;1.864185e-02
-1.329957e-01;4.722785e-02
-1.288540e-01;4.648134e-02
-1.372031e-01;3.636158e-02
-1.504646e-01;-2.177570e-02
-1.502600e-01;1.985341e-02
-1.692993e-01;2.220321e-02
-7.262372e-02;-1.539390e-01
-6.386718e-02;-1.418698e-01
2.870164e-02;-2.952761e-01
2.870164e-02;-2.952761e-01
3.208526e-02;-1.771173e-01
1.504355e-02;-1.288594e-01
1.504355e-02;-1.288594e-01
2.098228e-02;-1.032681e-01
1.759602e-02;-9.530454e-02
1.759602e-02;-9.530454e-02
-1.006180e-02;-4.256169e-02
-2.613751e-03;-6.184571e-02
-2.613751e-03;-6.184571e-02
8.058273e-03;-7.959883e-02
1.361664e-02;-5.665559e-02
6.666667e-02;8.023096e-18
-3.016841e-02;7.513111e-04
-2.391997e-01;-1.240631e-01
-2.391997e-01;-1.240631e-01
-3.387040e-01;-1.358298e-01
-8.598502e-01;-2.237591e-01
-8.598502e-01;-2.237591e-01
-9.687003e-01;-2.173229e-01
-1.000000e+00;-1.907401e-01
-1.000000e+00;-1.907401e-01
-1.000000e+00;-1.897113e-01
-1.000000e+00;-1.686656e-01
-1.000000e+00;-1.686656e-01
-1.000000e+00;-1.068260e-01
-1.000000e+00;-9.267294e-02
-1.000000e+00;-9.267294e-02
-6.982729e-01;7.073119e-03
-7.799452e-01;4.277775e-02
-1.000000e+00;-9.833052e-02
-4.557628e-01;-2.854413e-02
-6.296293e-01;7.610517e-02
-8.737403e-01;3.180077e-01
1.000000e+00;-2.857538e-01
8.879865e-01;-3.310335e-01
7.234124e-01;-2.001694e-01
1.000000e+00;9.267536e-01
1.000000e+00;9.340042e-01
1.000000e+00;1.000000e+00
1.000000e+00;1.000000e+00
9.938670e-01;1.000000e+00
1.000000e+00;1.000000e+00
1.000000e+00;1.000000e+00
1.000000e+00;9.987072e-01
9.900737e-01;9.583391e-01
9.900737e-01;9.583391e-01
9.817472e-01;9.413697e-01
9.389872e-01;1.000000e+00
9.389872e-01;1.000000e+00
9.236894e-01;8.591472e-01
9.131206e-01;9.366313e-01
9.131206e-01;9.366313e-01
9.584376e-01;6.623629e-01
9.377761e-01;6.748954e-01
1.000000e+00;8.475253e-01
8.992591e-01;6.984456e-01
9.110670e-01;6.364704e-01
9.445602e-01;4.978256e-01
2.258565e-01;9.454841e-01
2.695884e-01;1.000000e+00
3.384574e-01;9.521730e-01
-3.801576e-02;-4.295846e-02
-5.264773e-02;-3.479908e-02
-3.662478e-02;-2.873359e-02
-3.662478e-02;-2.873359e-02
-2.670857e-02;-1.874456e-02
-4.296659e-02;1.861487e-02
-4.296659e-02;1.861487e-02
-5.868714e-02;1.147058e-01
-6.322145e-02;1.412790e-01
-6.322145e-02;1.412790e-01
-8.837618e-02;-6.165005e-02
-5.446775e-02;-2.491376e-01
-5.446775e-02;-2.491376e-01
-6.685726e-02;-1.956157e-01
-1.259190e-01;-4.206787e-01
-1.259190e-01;-4.206787e-01
-4.694817e-02;-3.973790e-01
-3.669027e-02;-4.528208e-01
-3.486888e-02;-4.892658e-01
-2.814967e-02;-8.478982e-02
-2.592394e-03;-7.358108e-02
1.875088e-02;-1.534271e-01
-6.865172e-02;-3.141692e-01
-5.732394e-02;-3.899823e-01
-4.364372e-02;-4.437429e-01
-2.919249e-02;-2.744511e-01
-2.870652e-02;-3.038537e-01
-5.541836e-02;-3.992776e-01
-5.541836e-02;-3.992776e-01
-6.802892e-02;-5.386977e-01
-7.574423e-02;-4.750108e-01
-7.574423e-02;-4.750108e-01
-6.619049e-02;-5.893972e-01
-5.833495e-02;-6.676042e-01
-5.833495e-02;-6.676042e-01
-2.029491e-02;-4.770996e-01
-4.970018e-03;-4.009707e-01
-4.970018e-03;-4.009707e-01
2.849973e-02;-3.855691e-01
8.905132e-02;-3.168763e-01
8.905132e-02;-3.168763e-01
2.318316e-02;-6.985042e-01
4.356205e-02;-6.733291e-01
3.793684e-02;-6.785854e-01
3.469279e-02;-1.000000e+00
2.443066e-02;-9.836763e-01
1.042597e-02;-9.039425e-01
5.863967e-02;-8.997087e-01
4.892147e-02;-8.648162e-01
5.077923e-02;-9.016306e-01
-3.258541e-03;-9.600730e-01
7.856862e-03;-9.459707e-01
3.069457e-02;-9.130693e-01
3.069457e-02;-9.130693e-01
3.604755e-02;-7.994582e-01
5.077582e-02;-8.378895e-01
5.077582e-02;-8.378895e-01
1.947620e-02;-8.133662e-01
1.466995e-02;-7.546330e-01
1.466995e-02;-7.546330e-01
8.467483e-03;-7.297318e-01
8.683397e-03;-6.943520e-01
8.683397e-03;-6.943520e-01
-1.213548e-03;-7.595364e-01
1.235979e-02;-6.946333e-01
1.235979e-02;-6.946333e-01
-5.449625e-02;-3.263139e-02
-7.836182e-02;3.572580e-02
-7.033924e-02;3.660131e-02
-4.084085e-02;2.286313e-01
-3.877372e-02;2.161876e-01
-4.229536e-02;1.122902e-01
-1.265943e-01;2.405832e-01
-1.219608e-01;2.404888e-01
-1.523774e-01;3.385029e-01
-1.269979e-01;4.062521e-01
-1.223700e-01;4.096689e-01
-1.261123e-01;2.548966e-01
-1.261123e-01;2.548966e-01
-1.215465e-01;2.558398e-01
-1.537131e-01;2.510585e-01
-1.537131e-01;2.510585e-01
-1.151359e-01;1.955007e-01
-1.192175e-01;2.007843e-01
-1.192175e-01;2.007843e-01
-1.366963e-01;3.223060e-01
-1.440894e-01;3.043350e-01
-1.440894e-01;3.043350e-01
-1.304102e-01;3.847191e-01
-1.380859e-01;4.229387e-01
6.666667e-02;-2.561428e-18
-3.015756e-02;1.158715e-03
-1.258520e-01;-1.481135e-01
-1.258520e-01;-1.481135e-01
-2.222850e-01;-1.527566e-01
-6.785580e-01;-1.685912e-01
-6.785580e-01;-1.685912e-01
-7.768712e-01;-1.436563e-01
-8.566861e-01;-8.706150e-02
-8.566861e-01;-8.706150e-02
-9.272567e-01;-1.112087e-01
-1.000000e+00;-5.672367e-02
-1.000000e+00;-5.672367e-02
-1.000000e+00;-1.339308e-03
-1.000000e+00;-6.277913e-03
-1.000000e+00;-6.277913e-03
-5.852988e-01;-2.825704e-01
-6.809668e-01;-2.045128e-01
-9.333640e-01;-2.993198e-01
-1.407700e-01;1.950859e-02
-2.621891e-01;-2.132219e-01
-4.570369e-01;-3.922208e-01
1.000000e+00;-8.344387e-01
8.877701e-01;-8.465093e-01
8.153191e-01;-8.409815e-01
1.000000e+00;-3.074730e-01
1.000000e+00;-3.232196e-01
9.880894e-01;-2.152990e-01
9.880894e-01;-2.152990e-01
9.838682e-01;-1.904683e-01
1.000000e+00;-1.727369e-01
1.000000e+00;-1.727369e-01
1.000000e+00;-1.768832e-01
9.944907e-01;-3.264784e-01
9.944907e-01;-3.264784e-01
9.773739e-01;-2.316319e-01
9.719823e-01;-2.720698e-01
9.719823e-01;-2.720698e-01
9.687352e-01;-3.550851e-01
9.527505e-01;-3.172893e-01
9.527505e-01;-3.172893e-01
1.000000e+00;-6.028682e-01
9.976921e-01;-6.661584e-01
1.000000e+00;-5.427591e-01
8.984344e-01;-8.329802e-01
8.818701e-01;-6.906607e-01
8.880891e-01;-4.759439e-01
3.595084e-01;-8.262002e-01
4.103470e-01;-8.074519e-01
4.327392e-01;-8.075195e-01
1.237558e-01;-1.000000e+00
1.020862e-01;-9.318112e-01
1.122528e-01;-8.954428e-01
1.122528e-01;-8.954428e-01
1.114156e-01;-8.744042e-01
1.035746e-01;-9.131634e-01
1.035746e-01;-9.131634e-01
9.291084e-02;-8.739345e-01
9.596800e-02;-8.592607e-01
9.596800e-02;-8.592607e-01
8.017686e-02;-1.000000e+00
8.528562e-02;-1.000000e+00
8.528562e-02;-1.000000e+00
6.125158e-02;-1.000000e+00
2.649734e-02;-1.000000e+00
2.649734e-02;-1.000000e+00
7.662932e-02;-8.075423e-01
6.528678e-02;-7.731460e-01
6.533956e-02;-7.701477e-01
9.953826e-02;-8.184199e-01
1.303415e-01;-7.603572e-01
1.462149e-01;-7.718166e-01
2.036825e-02;-6.064771e-01
2.314494e-02;-5.912166e-01
2.733921e-02;-5.869025e-01
2.270525e-02;-3.178974e-01
3.024705e-02;-3.644752e-01
1.002138e-02;-4.489140e-01
1.002138e-02;-4.489140e-01
8.233135e-03;-5.597120e-01
1.295987e-03;-5.169340e-01
1.295987e-03;-5.169340e-01
7.059994e-03;-5.641651e-01
4.193193e-04;-5.435264e-01
4.193193e-04;-5.435264e-01
2.923030e-02;-3.941985e-01
3.469910e-02;-3.129030e-01
3.469910e-02;-3.129030e-01
6.338080e-02;-2.681568e-01
1.017092e-01;-3.326154e-01
1.017092e-01;-3.326154e-01
2.687904e-02;-5.409170e-01
4.901858e-02;-5.934754e-01
4.497919e-02;-5.806516e-01
-8.109251e-03;-5.603532e-01
-1.801106e-02;-5.461431e-01
-2.566104e-02;-4.942684e-01
1.924409e-02;-4.210464e-01
1.464860e-02;-4.090763e-01
1.509728e-02;-4.726503e-01
-1.270671e-02;-6.019027e-01
-5.229936e-03;-5.785372e-01
-4.118315e-02;-2.037065e-01
-4.118315e-02;-2.037065e-01
-4.062277e-02;-1.017454e-01
-3.441529e-02;-6.606774e-02
-3.441529e-02;-6.606774e-02
-5.626114e-02;-5.024724e-02
-5.896377e-02;-2.590410e-02
-5.896377e-02;-2.590410e-02
-6.239972e-02;-6.955539e-02
-5.869116e-02;-8.255095e-02
-5.869116e-02;-8.255095e-02
-6.380161e-02;-1.100168e-01
-4.573852e-02;-5.936733e-02
-4.573852e-02;-5.936733e-02
-8.871665e-02;3.311700e-01
-1.056154e-01;3.678757e-01
-1.054452e-01;3.983601e-01
-7.121707e-03;9.717250e-02
-2.998241e-03;9.355614e-02
-1.124453e-02;-4.544204e-02
-8.569253e-02;4.507548e-02
-7.880767e-02;2.330305e-02
-1.122826e-01;1.192319e-01
-9.874676e-02;2.560875e-01
-9.268925e-02;2.558867e-01
-4.919299e-02;-1.241778e-01
-4.919299e-02;-1.241778e-01
-4.513497e-02;-1.267702e-01
-6.891312e-02;-1.407897e-01
-6.891312e-02;-1.407897e-01
-5.184860e-02;-1.040113e-01
-4.749325e-02;-1.193493e-01
-4.749325e-02;-1.193493e-01
-5.551768e-02;-6.655104e-02
-5.974866e-02;-7.776906e-02
-5.974866e-02;-7.776906e-02
-5.620239e-02;-1.333027e-02
-6.129906e-02;-2.123515e-02
6.666667e-02;-2.561428e-18
-3.015756e-02;1.158715e-03
-1.258520e-01;-1.481135e-01
-1.258520e-01;-1.481135e-01
-2.222850e-01;-1.527566e-01
-6.785580e-01;-1.685912e-01
-6.785580e-01;-1.685912e-01
-7.768712e-01;-1.436563e-01
-8.566861e-01;-8.706150e-02
-8.566861e-01;-8.706150e-02
-9.272567e-01;-1.112087e-01
-1.000000e+00;-5.672367e-02
-1.000000e+00;-5.672367e-02
-1.000000e+00;-1.339308e-03
-1.000000e+00;-6.277913e-03
-1.000000e+00;-6.277913e-03
-5.852988e-01;-2.825704e-01
-6.809668e-01;-2.045128e-01
-9.333640e-01;-2.993198e-01
-1.407700e-01;1.950859e-02
-2.621891e-01;-2.132219e-01
-4.570369e-01;-3.922208e-01
1.000000e+00;-8.344387e-01
8.877701e-01;-8.465093e-01
8.153191e-01;-8.409815e-01
1.000000e+00;-3.074730e-01
1.000000e+00;-3.232196e-01
9.880894e-01;-2.152990e-01
9.880894e-01;-2.152990e-01
9.838682e-01;-1.904683e-01
1.000000e+00;-1.727369e-01
1.000000e+00;-1.727369e-01
1.000000e+00;-1.768832e-01
9.944907e-01;-3.264784e-01
9.944907e-01;-3.264784e-01
9.773739e-01;-2.316319e-01
9.719823e-01;-2.720698e-01
9.719823e-01;-2.720698e-01
9.687352e-01;-3.550851e-01
9.527505e-01;-3.172893e-01
9.527505e-01;-3.172893e-01
1.000000e+00;-6.028682e-01
9.976921e-01;-6.661584e-01
1.000000e+00;-5.427591e-01
8.984344e-01;-8.329802e-01
8.818701e-01;-6.906607e-01
8.880891e-01;-4.759439e-01
3.595084e-01;-8.262002e-01
4.103470e-01;-8.074519e-01
4.327392e-01;-8.075195e-01
1.237558e-01;-1.000000e+00
1.020862e-01;-9.318112e-01
1.122528e-01;-8.954428e-01
1.122528e-01;-8.954428e-01
1.114156e-01;-8.744042e-01
1.035746e-01;-9.131634e-01
1.035746e-01;-9.131634e-01
9.291084e-02;-8.739345e-01
9.596800e-02;-8.592607e-01
9.596800e-02;-8.592607e-01
8.017686e-02;-1.000000e+00
8.528562e-02;-1.000000e+00
8.528562e-02;-1.000000e+00
6.125158e-02;-1.000000e+00
2.649734e-02;-1.000000e+00
2.649734e-02;-1.000000e+00
7.662932e-02;-8.075423e-01
6.528678e-02;-7.731460e-01
6.533956e-02;-7.701477e-01
9.953826e-02;-8.184199e-01
1.303415e-01;-7.603572e-01
1.462149e-01;-7.718166e-01
2.036825e-02;-6.064771e-01
2.314494e-02;-5.912166e-01
2.733921e-02;-5.869025e-01
2.270525e-02;-3.178974e-01
3.024705e-02;-3.644752e-01
1.002138e-02;-4.489140e-01
1.002138e-02;-4.489140e-01
8.233135e-03;-5.597120e-01
1.295987e-03;-5.169340e-01
1.295987e-03;-5.169340e-01
7.059994e-03;-5.641651e-01
4.193193e-04;-5.435264e-01
4.193193e-04;-5.435264e-01
2.923030e-02;-3.941985e-01
3.469910e-02;-3.129030e-01
3.469910e-02;-3.129030e-01
6.338080e-02;-2.681568e-01
1.017092e-01;-3.326154e-01
1.017092e-01;-3.326154e-01
2.687904e-02;-5.409170e-01
4.901858e-02;-5.934754e-01
4.497919e-02;-5.806516e-01
-8.109251e-03;-5.603532e-01
-1.801106e-02;-5.461431e-01
-2.566104e-02;-4.942684e-01
1.924409e-02;-4.210464e-01
1.464860e-02;-4.090763e-01
1.509728e-02;-4.726503e-01
-1.270671e-02;-6.019027e-01
-5.229936e-03;-5.785372e-01
-4.118315e-02;-2.037065e-01
-4.118315e-02;-2.037065e-01
-4.062277e-02;-1.017454e-01
-3.441529e-02;-6.606774e-02
-3.441529e-02;-6.606774e-02
-5.626114e-02;-5.024724e-02
-5.896377e-02;-2.590410e-02
-5.896377e-02;-2.590410e-02
-6.239972e-02;-6.955539e-02
-5.869116e-02;-8.255095e-02
-5.869116e-02;-8.255095e-02
-6.380161e-02;-1.100168e-01
-4.573852e-02;-5.936733e-02
-4.573852e-02;-5.936733e-02
-8.871665e-02;3.311700e-01
-1.056154e-01;3.678757e-01
-1.054452e-01;3.983601e-01
-7.121707e-03;9.717250e-02
-2.998241e-03;9.355614e-02
-1.124453e-02;-4.544204e-02
-8.569253e-02;4.507548e-02
-7.880767e-02;2.330305e-02
-1.122826e-01;1.192319e-01
-9.874676e-02;2.560875e-01
-9.268925e-02;2.558867e-01
-4.919299e-02;-1.241778e-01
-4.919299e-02;-1.241778e-01
-4.513497e-02;-1.267702e-01
-6.891312e-02;-1.407897e-01
-6.891312e-02;-1.407897e-01
-5.184860e-02;-1.040113e-01
-4.749325e-02;-1.193493e-01
-4.749325e-02;-1.193493e-01
-5.551768e-02;-6.655104e-02
-5.974866e-02;-7.776906e-02
-5.974866e-02;-7.776906e-02
-5.620239e-02;-1.333027e-02
-6.129906e-02;-2.123515e-02
6.666667e-02;-2.561428e-18
-3.015756e-02;1.158715e-03
-1.258520e-01;-1.481135e-01
-1.258520e-01;-1.481135e-01
-2.222850e-01;-1.527566e-01
-6.785580e-01;-1.685912e-01
-6.785580e-01;-1.685912e-01
-7.768712e-01;-1.436563e-01
-8.566861e-01;-8.706150e-02
-8.566861e-01;-8.706150e-02
-9.272567e-01;-1.112087e-01
-1.000000e+00;-5.672367e-02
-1.000000e+00;-5.672367e-02
-1.000000e+00;-1.339308e-03
-1.000000e+00;-6.277913e-03
-1.000000e+00;-6.277913e-03
-5.852988e-01;-2.825704e-01
-6.809668e-01;-2.045128e-01
-9.333640e-01;-2.993198e-01
-1.407700e-01;1.950859e-02
-2.621891e-01;-2.132219e-01
-4.570369e-01;-3.922208e-01
1.000000e+00;-8.344387e-01
8.877701e-01;-8.465093e-01
8.153191e-01;-8.409815e-01
1.000000e+00;-3.074730e-01
1.000000e+00;-3.232196e-01
9.880894e-01;-2.152990e-01
9.880894e-01;-2.152990e-01
9.838682e-01;-1.904683e-01
1.000000e+00;-1.727369e-01
1.000000e+00;-1.727369e-01
1.000000e+00;-1.768832e-01
9.944907e-01;-3.264784e-01
9.944907e-01;-3.264784e-01
9.773739e-01;-2.316319e-01
9.719823e-01;-2.720698e-01
9.719823e-01;-2.720698e-01
9.687352e-01;-3.550851e-01
9.527505e-01;-3.172893e-01
9.527505e-01;-3.172893e-01
1.000000e+00;-6.028682e-01
9.976921e-01;-6.661584e-01
1.000000e+00;-5.427591e-01
8.984344e-01;-8.329802e-01
8.818701e-01;-6.906607e-01
8.880891e-01;-4.759439e-01
3.595084e-01;-8.262002e-01
4.103470e-01;-8.074519e-01
4.327392e-01;-8.075195e-01
1.237558e-01;-1.000000e+00
1.020862e-01;-9.318112e-01
1.122528e-01;-8.954428e-01
1.122528e-01;-8.954428e-01
1.114156e-01;-8.744042e-01
1.035746e-01;-9.131634e-01
1.035746e-01;-9.131634e-01
9.291084e-02;-8.739345e-01
9.596800e-02;-8.592607e-01
9.596800e-02;-8.592607e-01
8.017686e-02;-1.000000e+00
8.528562e-02;-1.000000e+00
8.528562e-02;-1.000000e+00
6.125158e-02;-1.000000e+00
2.649734e-02;-1.000000e+00
2.649734e-02;-1.000000e+00
7.662932e-02;-8.075423e-01
6.528678e-02;-7.731460e-01
6.533956e-02;-7.701477e-01
9.953826e-02;-8.184199e-01
1.303415e-01;-7.603572e-01
1.462149e-01;-7.718166e-01
2.036825e-02;-6.064771e-01
2.314494e-02;-5.912166e-01
2.733921e-02;-5.869025e-01
2.270525e-02;-3.178974e-01
3.024705e-02;-3.644752e-01
1.002138e-02;-4.489140e-01
1.002138e-02;-4.489140e-01
8.233135e-03;-5.597120e-01
1.295987e-03;-5.169340e-01
1.295987e-03;-5.169340e-01
7.059994e-03;-5.641651e-01
4.193193e-04;-5.435264e-01
4.193193e-04;-5.435264e-01
2.923030e-02;-3.941985e-01
3.469910e-02;-3.129030e-01
3.469910e-02;-3.129030e-01
6.338080e-02;-2.681568e-01
1.017092e-01;-3.326154e-01
1.017092e-01;-3.326154e-01
2.687904e-02;-5.409170e-01
4.901858e-02;-5.934754e-01
4.497919e-02;-5.806516e-01
-8.109251e-03;-5.603532e-01
-1.801106e-02;-5.461431e-01
-2.566104e-02;-4.942684e-01
1.924409e-02;-4.210464e-01
1.464860e-02;-4.090763e-01
1.509728e-02;-4.726503e-01
-1.270671e-02;-6.019027e-01
-5.229936e-03;-5.785372e-01
-4.118315e-02;-2.037065e-01
-4.118315e-02;-2.037065e-01
-4.062277e-02;-1.017454e-01
-3.441529e-02;-6.606774e-02
-3.441529e-02;-6.606774e-02
-5.626114e-02;-5.024724e-02
-5.896377e-02;-2.590410e-02
-5.896377e-02;-2.590410e-02
-6.239972e-02;-6.955539e-02
-5.869116e-02;-8.255095e-02
-5.869116e-02;-8.255095e-02
-6.380161e-02;-1.100168e-01
-4.573852e-02;-5.936733e-02
-4.573852e-02;-5.936733e-02
-8.871665e-02;3.311700e-01
-1.056154e-01;3.678757e-01
-1.054452e-01;3.983601e-01
-7.121707e-03;9.717250e-02
-2.998241e-03;9.355614e-02
-1.124453e-02;-4.544204e-02
-8.569253e-02;4.507548e-02
-7.880767e-02;2.330305e-02
-1.122826e-01;1.192319e-01
-9.874676e-02;2.560875e-01
-9.268925e-02;2.558867e-01
-4.919299e-02;-1.241778e-01
-4.919299e-02;-1.241778e-01
-4.513497e-02;-1.267702e-01
-6.891312e-02;-1.407897e-01
-6.891312e-02;-1.407897e-01
-5.184860e-02;-1.040113e-01
-4.749325e-02;-1.193493e-01
-4.749325e-02;-1.193493e-01
-5.551768e-02;-6.655104e-02
-5.974866e-02;-7.776906e-02
-5.974866e-02;-7.776906e-02
-5.620239e-02;-1.333027e-02
-6.129906e-02;-2.123515e-02
4.242424e-01;-1.663758e-17
4.242424e-01;-1.663758e-17
4.242424e-01;-1.663758e-17
4.242424e-01;-1.663758e-17
4.242424e-01;-1.663758e-17
4.242424e-01;-1.663758e-17
4.242424e-01;-1.663758e-17
4.242424e-01;-1.663758e-17
4.242424e-01;-1.663758e-17
-1.062148e-01;1.214483e-01
-1.062148e-01;1.214483e-01
-1.062148e-01;1.214483e-01
-1.062148e-01;1.214483e-01
-1.062148e-01;1.214483e-01
-1.062148e-01;1.214483e-01
-1.062148e-01;1.214483e-01
-1.062148e-01;1.214483e-01
-1.062148e-01;1.214483e-01
7.777778e-02;-3.991835e-18
7.777778e-02;-3.991835e-18
9.008490e-03;1.483252e-02
9.008490e-03;1.483252e-02
9.008490e-03;1.483252e-02
-5.871111e-02;2.075897e-03
-5.871111e-02;2.075897e-03
-5.871111e-02;2.075897e-03
-2.876755e-01;1.021859e-01
-2.876755e-01;1.021859e-01
-2.876755e-01;1.021859e-01
6.387570e-01;-4.954025e-01
6.387570e-01;-4.954025e-01
3.301097e-01;-4.883671e-01
3.301097e-01;-4.883671e-01
3.301097e-01;-4.883671e-01
2.922736e-01;-4.890415e-01
2.922736e-01;-4.890415e-01
2.922736e-01;-4.890415e-01
2.388902e-01;-4.769515e-01
2.388902e-01;-4.769515e-01
2.388902e-01;-4.769515e-01
1.168282e-01;-4.908894e-01
1.168282e-01;-4.908894e-01
4.464484e-02;-5.019654e-01
8.807116e-02;-5.186047e-01
8.807116e-02;-5.186047e-01
4.796738e-02;-4.617128e-01
4.796738e-02;-4.617128e-01
4.796738e-02;-4.617128e-01
-1.665311e-01;-5.760944e-01
-1.665311e-01;-5.760944e-01
-1.665311e-01;-5.760944e-01
-2.275824e-02;-6.260039e-01
-2.275824e-02;-6.260039e-01
-2.275824e-02;-6.260039e-01
-7.866939e-01;-4.760595e-03
-7.866939e-01;-4.760595e-03
-5.639156e-01;-5.011052e-02
-5.639156e-01;-5.011052e-02
-5.639156e-01;-5.011052e-02
-6.062376e-01;-5.495175e-03
-6.062376e-01;-5.495175e-03
-6.062376e-01;-5.495175e-03
-5.892291e-01;-9.004801e-03
-5.892291e-01;-9.004801e-03
-5.892291e-01;-9.004801e-03
-4.960346e-01;2.310044e-02
-4.960346e-01;2.310044e-02
-4.825674e-01;3.090805e-03
-3.166088e-01;6.223532e-01
-3.166088e-01;6.223532e-01
-6.261846e-01;1.000000e+00
-6.261846e-01;1.000000e+00
-6.261846e-01;1.000000e+00
-3.922676e-01;1.000000e+00
-3.922676e-01;1.000000e+00
-3.922676e-01;1.000000e+00
-3.482077e-01;8.958605e-01
-3.482077e-01;8.958605e-01
-3.482077e-01;8.958605e-01
-2.987786e-01;8.664444e-01
-2.987786e-01;8.664444e-01
-2.713937e-01;9.148908e-01
-2.713937e-01;9.148908e-01
-2.713937e-01;9.148908e-01
-2.519831e-01;9.275042e-01
-2.519831e-01;9.275042e-01
-2.519831e-01;9.275042e-01
-2.479243e-01;8.963260e-01
4.444444e-02;-4.060830e-18
4.444444e-02;-4.060830e-18
-6.813277e-04;2.140858e-02
-6.813277e-04;2.140858e-02
-6.813277e-04;2.140858e-02
-3.334606e-02;1.998361e-02
-3.334606e-02;1.998361e-02
-3.334606e-02;1.998361e-02
-1.452252e-01;8.829225e-02
-1.452252e-01;8.829225e-02
-1.452252e-01;8.829225e-02
3.512401e-01;-2.734657e-01
3.512401e-01;-2.734657e-01
1.789213e-01;-3.000707e-01
1.789213e-01;-3.000707e-01
1.789213e-01;-3.000707e-01
1.619614e-01;-3.246408e-01
1.619614e-01;-3.246408e-01
1.619614e-01;-3.246408e-01
1.324008e-01;-3.267244e-01
1.324008e-01;-3.267244e-01
1.324008e-01;-3.267244e-01
6.300201e-02;-3.273381e-01
6.300201e-02;-3.273381e-01
4.396119e-02;-3.349410e-01
5.507352e-02;-3.285028e-01
5.507352e-02;-3.285028e-01
4.434535e-02;-3.210623e-01
4.434535e-02;-3.210623e-01
4.434535e-02;-3.210623e-01
-1.199694e-01;-4.291936e-01
-1.199694e-01;-4.291936e-01
-1.199694e-01;-4.291936e-01
-6.112432e-02;-4.635003e-01
-6.112432e-02;-4.635003e-01
-6.112432e-02;-4.635003e-01
-4.731938e-01;-8.613897e-02
-4.731938e-01;-8.613897e-02
-3.369836e-01;-9.162893e-02
-3.369836e-01;-9.162893e-02
-3.369836e-01;-9.162893e-02
-3.465118e-01;-8.482703e-02
-3.465118e-01;-8.482703e-02
-3.465118e-01;-8.482703e-02
-3.419029e-01;-7.820723e-02
-3.419029e-01;-7.820723e-02
-3.419029e-01;-7.820723e-02
-2.829591e-01;-7.703725e-02
-2.829591e-01;-7.703725e-02
-2.978780e-01;-6.584525e-02
-2.244780e-01;2.713752e-01
-2.244780e-01;2.713752e-01
-4.245088e-01;7.325046e-01
-4.245088e-01;7.325046e-01
-4.245088e-01;7.325046e-01
-2.539462e-01;8.694265e-01
-2.539462e-01;8.694265e-01
-2.539462e-01;8.694265e-01
-2.201916e-01;7.398628e-01
-2.201916e-01;7.398628e-01
-2.201916e-01;7.398628e-01
-1.733745e-01;6.896355e-01
-1.733745e-01;6.896355e-01
-1.570144e-01;7.438742e-01
-1.570144e-01;7.438742e-01
-1.570144e-01;7.438742e-01
-1.495634e-01;7.544643e-01
-1.495634e-01;7.544643e-01
-1.495634e-01;7.544643e-01
-1.424558e-01;7.219980e-01
1.000000e-01;-1.160096e-17
1.000000e-01;-1.160096e-17
-9.678043e-02;6.335993e-02
-9.678043e-02;6.335993e-02
-9.678043e-02;6.335993e-02
-3.520226e-01;1.285072e-01
-3.520226e-01;1.285072e-01
-3.520226e-01;1.285072e-01
-6.022269e-01;2.051151e-01
-6.022269e-01;2.051151e-01
-6.022269e-01;2.051151e-01
8.575112e-01;-6.957027e-01
8.575112e-01;-6.957027e-01
3.492070e-01;-8.188094e-01
3.492070e-01;-8.188094e-01
3.492070e-01;-8.188094e-01
2.574208e-01;-8.230742e-01
2.574208e-01;-8.230742e-01
2.574208e-01;-8.230742e-01
7.820199e-02;-7.691040e-01
7.820199e-02;-7.691040e-01
7.820199e-02;-7.691040e-01
-2.497656e-01;-7.098864e-01
-2.497656e-01;-7.098864e-01
-3.463386e-01;-7.664060e-01
1.910252e-01;-9.984102e-01
1.910252e-01;-9.984102e-01
-1.263684e-01;-4.975739e-01
-1.263684e-01;-4.975739e-01
-1.263684e-01;-4.975739e-01
-4.074703e-01;-7.401070e-01
-4.074703e-01;-7.401070e-01
-4.074703e-01;-7.401070e-01
-5.486366e-01;-4.548680e-01
-5.486366e-01;-4.548680e-01
-5.486366e-01;-4.548680e-01
-1.000000e+00;1.108943e-01
-1.000000e+00;1.108943e-01
-6.948451e-01;1.886367e-01
-6.948451e-01;1.886367e-01
-6.948451e-01;1.886367e-01
-7.866482e-01;4.798371e-01
-7.866482e-01;4.798371e-01
-7.866482e-01;4.798371e-01
-6.925785e-01;3.914265e-01
-6.925785e-01;3.914265e-01
-6.925785e-01;3.914265e-01
-4.853753e-01;3.624071e-01
-4.853753e-01;3.624071e-01
-4.762201e-01;3.931918e-01
-6.773608e-01;1.000000e+00
-6.773608e-01;1.000000e+00
-1.000000e+00;1.000000e+00
-1.000000e+00;1.000000e+00
-1.000000e+00;1.000000e+00
-8.098694e-01;1.000000e+00
-8.098694e-01;1.000000e+00
-8.098694e-01;1.000000e+00
-6.814831e-01;9.148774e-01
-6.814831e-01;9.148774e-01
-6.814831e-01;9.148774e-01
-7.975302e-01;9.465539e-01
-7.975302e-01;9.465539e-01
-8.145808e-01;9.811947e-01
-8.145808e-01;9.811947e-01
-8.145808e-01;9.811947e-01
-7.677096e-01;9.431886e-01
-7.677096e-01;9.431886e-01
-7.677096e-01;9.431886e-01
-7.704493e-01;9.390952e-01
4.444444e-02;1.995918e-18
4.444444e-02;1.995918e-18
4.978175e-03;5.144559e-03
4.978175e-03;5.144559e-03
4.978175e-03;5.144559e-03
-2.456833e-02;1.707888e-02
-2.456833e-02;1.707888e-02
-2.456833e-02;1.707888e-02
-1.152147e-01;7.083245e-02
-1.152147e-01;7.083245e-02
-1.152147e-01;7.083245e-02
3.187923e-01;-2.749031e-01
3.187923e-01;-2.749031e-01
2.067023e-01;-2.943584e-01
2.067023e-01;-2.943584e-01
2.067023e-01;-2.943584e-01
1.921421e-01;-3.080223e-01
1.921421e-01;-3.080223e-01
1.921421e-01;-3.080223e-01
1.674709e-01;-3.154730e-01
1.674709e-01;-3.154730e-01
1.674709e-01;-3.154730e-01
1.122833e-01;-3.163342e-01
1.122833e-01;-3.163342e-01
7.376885e-02;-3.127076e-01
8.344871e-02;-2.946271e-01
8.344871e-02;-2.946271e-01
1.010022e-01;-3.048479e-01
1.010022e-01;-3.048479e-01
1.010022e-01;-3.048479e-01
-1.979420e-02;-4.687619e-01
-1.979420e-02;-4.687619e-01
-1.979420e-02;-4.687619e-01
3.074836e-02;-5.033981e-01
3.074836e-02;-5.033981e-01
3.074836e-02;-5.033981e-01
-3.167427e-01;-1.359062e-01
-3.167427e-01;-1.359062e-01
-2.409356e-01;-1.337104e-01
-2.409356e-01;-1.337104e-01
-2.409356e-01;-1.337104e-01
-2.583488e-01;-1.130842e-01
-2.583488e-01;-1.130842e-01
-2.583488e-01;-1.130842e-01
-2.605454e-01;-1.012689e-01
-2.605454e-01;-1.012689e-01
-2.605454e-01;-1.012689e-01
-2.139266e-01;-1.016998e-01
-2.139266e-01;-1.016998e-01
-2.215073e-01;-9.661523e-02
-7.584370e-02;5.294552e-02
-7.584370e-02;5.294552e-02
-2.532993e-01;4.457793e-01
-2.532993e-01;4.457793e-01
-2.532993e-01;4.457793e-01
-1.293388e-01;6.249116e-01
-1.293388e-01;6.249116e-01
-1.293388e-01;6.249116e-01
-1.114709e-01;5.180135e-01
-1.114709e-01;5.180135e-01
-1.114709e-01;5.180135e-01
-1.114223e-01;4.803287e-01
-1.114223e-01;4.803287e-01
-9.775295e-02;5.250607e-01
-9.775295e-02;5.250607e-01
-9.775295e-02;5.250607e-01
-8.577473e-02;5.419306e-01
-8.577473e-02;5.419306e-01
-8.577473e-02;5.419306e-01
-7.869136e-02;5.068522e-01
9.090909e-02;5.923686e-18
9.090909e-02;5.923686e-18
-8.844643e-03;-1.581429e-02
-8.844643e-03;-1.581429e-02
-8.844643e-03;-1.581429e-02
-1.852895e-01;3.075718e-02
-1.852895e-01;3.075718e-02
-1.852895e-01;3.075718e-02
-4.498696e-01;1.563082e-01
-4.498696e-01;1.563082e-01
-4.498696e-01;1.563082e-01
1.000000e+00;-1.000000e+00
1.000000e+00;-1.000000e+00
6.763611e-01;-1.000000e+00
6.763611e-01;-1.000000e+00
6.763611e-01;-1.000000e+00
6.145481e-01;-1.000000e+00
6.145481e-01;-1.000000e+00
6.145481e-01;-1.000000e+00
5.532968e-01;-9.839502e-01
5.532968e-01;-9.839502e-01
5.532968e-01;-9.839502e-01
4.095136e-01;-9.971712e-01
4.095136e-01;-9.971712e-01
3.476545e-01;-9.985399e-01
4.159261e-01;-1.000000e+00
4.159261e-01;-1.000000e+00
3.708781e-01;-9.295320e-01
3.708781e-01;-9.295320e-01
3.708781e-01;-9.295320e-01
1.414294e-01;-1.000000e+00
1.414294e-01;-1.000000e+00
1.414294e-01;-1.000000e+00
2.530613e-01;-1.000000e+00
2.530613e-01;-1.000000e+00
2.530613e-01;-1.000000e+00
-8.668550e-01;-3.293827e-01
-8.668550e-01;-3.293827e-01
-6.232299e-01;-3.455780e-01
-6.232299e-01;-3.455780e-01
-6.232299e-01;-3.455780e-01
-6.486571e-01;-3.142822e-01
-6.486571e-01;-3.142822e-01
-6.486571e-01;-3.142822e-01
-6.684561e-01;-2.973724e-01
-6.684561e-01;-2.973724e-01
-6.684561e-01;-2.973724e-01
-5.584902e-01;-2.847156e-01
-5.584902e-01;-2.847156e-01
-5.734295e-01;-3.099935e-01
-3.148258e-01;1.293616e-01
-3.148258e-01;1.293616e-01
-1.000000e+00;9.641518e-01
-1.000000e+00;9.641518e-01
-1.000000e+00;9.641518e-01
-7.055500e-01;1.000000e+00
-7.055500e-01;1.000000e+00
-7.055500e-01;1.000000e+00
-6.521728e-01;9.325807e-01
-6.521728e-01;9.325807e-01
-6.521728e-01;9.325807e-01
-6.923138e-01;9.101094e-01
-6.923138e-01;9.101094e-01
-6.771480e-01;9.395442e-01
-6.771480e-01;9.395442e-01
-6.771480e-01;9.395442e-01
-6.594829e-01;9.423280e-01
-6.594829e-01;9.423280e-01
-6.594829e-01;9.423280e-01
-6.160736e-01;9.142782e-01
9.090909e-02;5.923686e-18
9.090909e-02;5.923686e-18
-8.844643e-03;-1.581429e-02
-8.844643e-03;-1.581429e-02
-8.844643e-03;-1.581429e-02
-1.852895e-01;3.075718e-02
-1.852895e-01;3.075718e-02
-1.852895e-01;3.075718e-02
-4.498696e-01;1.563082e-01
-4.498696e-01;1.563082e-01
-4.498696e-01;1.563082e-01
1.000000e+00;-1.000000e+00
1.000000e+00;-1.000000e+00
6.763611e-01;-1.000000e+00
6.763611e-01;-1.000000e+00
6.763611e-01;-1.000000e+00
6.145481e-01;-1.000000e+00
6.145481e-01;-1.000000e+00
6.145481e-01;-1.000000e+00
5.532968e-01;-9.839502e-01
5.532968e-01;-9.839502e-01
5.532968e-01;-9.839502e-01
4.095136e-01;-9.971712e-01
4.095136e-01;-9.971712e-01
3.476545e-01;-9.985399e-01
4.159261e-01;-1.000000e+00
4.159261e-01;-1.000000e+00
3.708781e-01;-9.295320e-01
3.708781e-01;-9.295320e-01
3.708781e-01;-9.295320e-01
1.414294e-01;-1.000000e+00
1.414294e-01;-1.000000e+00
1.414294e-01;-1.000000e+00
2.530613e-01;-1.000000e+00
2.530613e-01;-1.000000e+00
2.530613e-01;-1.000000e+00
-8.668550e-01;-3.293827e-01
-8.668550e-01;-3.293827e-01
-6.232299e-01;-3.455780e-01
-6.232299e-01;-3.455780e-01
-6.232299e-01;-3.455780e-01
-6.486571e-01;-3.142822e-01
-6.486571e-01;-3.142822e-01
-6.486571e-01;-3.142822e-01
-6.684561e-01;-2.973724e-01
-6.684561e-01;-2.973724e-01
-6.684561e-01;-2.973724e-01
-5.584902e-01;-2.847156e-01
-5.584902e-01;-2.847156e-01
-5.734295e-01;-3.099935e-01
-3.148258e-01;1.293616e-01
-3.148258e-01;1.293616e-01
-1.000000e+00;9.641518e-01
-1.000000e+00;9.641518e-01
-1.000000e+00;9.641518e-01
-7.055500e-01;1.000000e+00
-7.055500e-01;1.000000e+00
-7.055500e-01;1.000000e+00
-6.521728e-01;9.325807e-01
-6.521728e-01;9.325807e-01
-6.521728e-01;9.325807e-01
-6.923138e-01;9.101094e-01
-6.923138e-01;9.101094e-01
-6.771480e-01;9.395442e-01
-6.771480e-01;9.395442e-01
-6.771480e-01;9.395442e-01
-6.594829e-01;9.423280e-01
-6.594829e-01;9.423280e-01
-6.594829e-01;9.423280e-01
-6.160736e-01;9.142782e-01
6.250000e-02;5.825123e-18
6.250000e-02;5.825123e-18
-4.287818e-03;7.505106e-03
-4.287818e-03;7.505106e-03
-4.287818e-03;7.505106e-03
-8.009832e-02;1.583225e-02
-8.009832e-02;1.583225e-02
-8.009832e-02;1.583225e-02
-2.785854e-01;1.239941e-01
-2.785854e-01;1.239941e-01
-2.785854e-01;1.239941e-01
6.592892e-01;-5.564426e-01
6.592892e-01;-5.564426e-01
3.850692e-01;-5.323696e-01
3.850692e-01;-5.323696e-01
3.850692e-01;-5.323696e-01
3.487644e-01;-5.344101e-01
3.487644e-01;-5.344101e-01
3.487644e-01;-5.344101e-01
2.985704e-01;-5.232980e-01
2.985704e-01;-5.232980e-01
2.985704e-01;-5.232980e-01
1.829989e-01;-5.676716e-01
1.829989e-01;-5.676716e-01
1.298968e-01;-5.798590e-01
1.855755e-01;-6.340588e-01
1.855755e-01;-6.340588e-01
1.514642e-01;-5.853731e-01
1.514642e-01;-5.853731e-01
1.514642e-01;-5.853731e-01
-4.887641e-02;-7.354147e-01
-4.887641e-02;-7.354147e-01
-4.887641e-02;-7.354147e-01
6.753689e-02;-7.718438e-01
6.753689e-02;-7.718438e-01
6.753689e-02;-7.718438e-01
-7.508191e-01;-2.115347e-02
-7.508191e-01;-2.115347e-02
-5.534874e-01;-6.885764e-02
-5.534874e-01;-6.885764e-02
-5.534874e-01;-6.885764e-02
-5.726839e-01;-2.702898e-02
-5.726839e-01;-2.702898e-02
-5.726839e-01;-2.702898e-02
-5.558534e-01;-2.668692e-02
-5.558534e-01;-2.668692e-02
-5.558534e-01;-2.668692e-02
-4.622319e-01;3.697274e-02
-4.622319e-01;3.697274e-02
-4.626611e-01;2.865866e-02
-2.927056e-01;7.533469e-01
-2.927056e-01;7.533469e-01
-7.018901e-01;1.000000e+00
-7.018901e-01;1.000000e+00
-7.018901e-01;1.000000e+00
-4.641227e-01;1.000000e+00
-4.641227e-01;1.000000e+00
-4.641227e-01;1.000000e+00
-4.249661e-01;9.178255e-01
-4.249661e-01;9.178255e-01
-4.249661e-01;9.178255e-01
-3.805553e-01;8.844786e-01
-3.805553e-01;8.844786e-01
-3.563976e-01;9.131641e-01
-3.563976e-01;9.131641e-01
-3.563976e-01;9.131641e-01
-3.659570e-01;9.333004e-01
-3.659570e-01;9.333004e-01
-3.659570e-01;9.333004e-01
-3.594600e-01;9.114003e-01
6.250000e-02;5.825123e-18
6.250000e-02;5.825123e-18
9.568445e-03;1.245380e-02
9.568445e-03;1.245380e-02
9.568445e-03;1.245380e-02
-3.821627e-02;3.111791e-02
-3.821627e-02;3.111791e-02
-3.821627e-02;3.111791e-02
-1.250142e-01;8.047346e-02
-1.250142e-01;8.047346e-02
-1.250142e-01;8.047346e-02
5.464583e-01;-1.357781e-01
5.464583e-01;-1.357781e-01
2.993189e-01;-8.171809e-02
2.993189e-01;-8.171809e-02
2.993189e-01;-8.171809e-02
2.694862e-01;-9.075987e-02
2.694862e-01;-9.075987e-02
2.694862e-01;-9.075987e-02
2.209201e-01;-7.980236e-02
2.209201e-01;-7.980236e-02
2.209201e-01;-7.980236e-02
1.109437e-01;-8.203492e-02
1.109437e-01;-8.203492e-02
8.509013e-02;-8.778347e-02
1.413161e-01;-1.408184e-01
1.413161e-01;-1.408184e-01
1.229936e-01;-1.393145e-01
1.229936e-01;-1.393145e-01
1.229936e-01;-1.393145e-01
-3.104335e-02;-2.660477e-01
-3.104335e-02;-2.660477e-01
-3.104335e-02;-2.660477e-01
-2.154269e-02;-2.509064e-01
-2.154269e-02;-2.509064e-01
-2.154269e-02;-2.509064e-01
-5.860085e-01;-1.112244e-03
-5.860085e-01;-1.112244e-03
-3.861578e-01;-8.942130e-02
-3.861578e-01;-8.942130e-02
-3.861578e-01;-8.942130e-02
-3.844697e-01;-5.273497e-02
-3.844697e-01;-5.273497e-02
-3.844697e-01;-5.273497e-02
-3.649470e-01;-5.393256e-02
-3.649470e-01;-5.393256e-02
-3.649470e-01;-5.393256e-02
-2.823284e-01;-2.009158e-02
-2.823284e-01;-2.009158e-02
-3.052713e-01;-4.267520e-02
-2.064796e-01;5.218521e-01
-2.064796e-01;5.218521e-01
-2.804672e-01;7.345879e-01
-2.804672e-01;7.345879e-01
-2.804672e-01;7.345879e-01
-1.165611e-01;8.821259e-01
-1.165611e-01;8.821259e-01
-1.165611e-01;8.821259e-01
-7.316071e-02;7.797984e-01
-7.316071e-02;7.797984e-01
-7.316071e-02;7.797984e-01
-4.274111e-02;7.854488e-01
-4.274111e-02;7.854488e-01
-3.940007e-02;8.369962e-01
-3.940007e-02;8.369962e-01
-3.940007e-02;8.369962e-01
-6.834310e-02;8.742587e-01
-6.834310e-02;8.742587e-01
-6.834310e-02;8.742587e-01
-6.401189e-02;8.336438e-01
