-9.841238e-03;-1.695105e-01
-9.841238e-03;-1.695105e-01
-9.841238e-03;-1.695105e-01
-9.841238e-03;-1.695105e-01
-9.841238e-03;-1.695105e-01
-9.841238e-03;-1.695105e-01
-2.994451e-01;-2.672531e-01
-2.994451e-01;-2.672531e-01
-2.994451e-01;-2.672531e-01
-2.994451e-01;-2.672531e-01
-2.994451e-01;-2.672531e-01
-2.994451e-01;-2.672531e-01
-5.198575e-01;-4.202499e-01
-5.198575e-01;-4.202499e-01
-5.198575e-01;-4.202499e-01
-5.198575e-01;-4.202499e-01
-5.198575e-01;-4.202499e-01
-5.198575e-01;-4.202499e-01
2.769314e-01;-2.824778e-01
2.769314e-01;-2.824778e-01
2.769314e-01;-2.824778e-01
2.769314e-01;-2.824778e-01
2.332359e-01;-3.668343e-01
2.332359e-01;-3.668343e-01
2.332359e-01;-3.668343e-01
2.332359e-01;-3.668343e-01
2.332359e-01;-3.668343e-01
2.332359e-01;-3.668343e-01
1.120573e-01;-4.871657e-01
1.120573e-01;-4.871657e-01
1.120573e-01;-4.871657e-01
1.120573e-01;-4.871657e-01
1.120573e-01;-4.871657e-01
1.120573e-01;-4.871657e-01
-3.891441e-02;-5.232828e-01
-3.891441e-02;-5.232828e-01
-3.891441e-02;-5.232828e-01
-3.891441e-02;-5.232828e-01
-3.891441e-02;-5.232828e-01
-3.891441e-02;-5.232828e-01
-2.362552e-01;-6.675059e-01
-2.362552e-01;-6.675059e-01
-2.362552e-01;-6.675059e-01
-2.362552e-01;-6.675059e-01
-5.709791e-01;-6.560314e-01
-5.709791e-01;-6.560314e-01
1.491168e-01;-1.686709e-01
1.491168e-01;-1.686709e-01
1.491168e-01;-1.686709e-01
1.491168e-01;-1.686709e-01
2.659055e-01;-1.636040e-01
2.659055e-01;-1.636040e-01
2.659055e-01;-1.636040e-01
2.659055e-01;-1.636040e-01
2.659055e-01;-1.636040e-01
2.659055e-01;-1.636040e-01
4.771985e-01;-6.447771e-02
4.771985e-01;-6.447771e-02
4.771985e-01;-6.447771e-02
4.771985e-01;-6.447771e-02
4.771985e-01;-6.447771e-02
4.771985e-01;-6.447771e-02
4.182441e-01;-5.129844e-02
4.182441e-01;-5.129844e-02
4.182441e-01;-5.129844e-02
4.182441e-01;-5.129844e-02
4.182441e-01;-5.129844e-02
4.182441e-01;-5.129844e-02
1.607112e-01;1.000000e+00
1.607112e-01;1.000000e+00
1.607112e-01;1.000000e+00
1.607112e-01;1.000000e+00
-4.688498e-03;9.771609e-01
-4.688498e-03;9.771609e-01
-4.688498e-03;9.771609e-01
-4.688498e-03;9.771609e-01
-4.688498e-03;9.771609e-01
-4.688498e-03;9.771609e-01
-6.068297e-02;1.000000e+00
-6.068297e-02;1.000000e+00
-6.068297e-02;1.000000e+00
-6.068297e-02;1.000000e+00
-6.068297e-02;1.000000e+00
-6.068297e-02;1.000000e+00
-3.669752e-02;9.847667e-01
-3.669752e-02;9.847667e-01
-3.669752e-02;9.847667e-01
-3.669752e-02;9.847667e-01
-3.669752e-02;9.847667e-01
-3.669752e-02;9.847667e-01
-4.544711e-03;1.000000e+00
-4.544711e-03;1.000000e+00
-4.544711e-03;1.000000e+00
-4.544711e-03;1.000000e+00
2.001473e-01;1.000000e+00
2.001473e-01;1.000000e+00
1.311902e-01;1.000000e+00
1.311902e-01;1.000000e+00
1.311902e-01;1.000000e+00
1.311902e-01;1.000000e+00
-4.220258e-02;1.000000e+00
-4.220258e-02;1.000000e+00
-4.220258e-02;1.000000e+00
-4.220258e-02;1.000000e+00
-4.220258e-02;1.000000e+00
-4.220258e-02;1.000000e+00
-7.289707e-02;8.961177e-01
-7.289707e-02;8.961177e-01
-7.289707e-02;8.961177e-01
-7.289707e-02;8.961177e-01
-7.289707e-02;8.961177e-01
-7.289707e-02;8.961177e-01
4.335774e-02;9.791314e-01
4.335774e-02;9.791314e-01
4.335774e-02;9.791314e-01
4.335774e-02;9.791314e-01
4.335774e-02;9.791314e-01
4.335774e-02;9.791314e-01
8.042979e-01;5.739905e-01
8.042979e-01;5.739905e-01
8.042979e-01;5.739905e-01
8.042979e-01;5.739905e-01
4.789753e-01;5.395630e-01
4.789753e-01;5.395630e-01
4.789753e-01;5.395630e-01
4.789753e-01;5.395630e-01
4.789753e-01;5.395630e-01
4.789753e-01;5.395630e-01
4.099063e-01;3.931899e-01
4.099063e-01;3.931899e-01
4.099063e-01;3.931899e-01
4.099063e-01;3.931899e-01
4.099063e-01;3.931899e-01
4.099063e-01;3.931899e-01
1.537333e-01;6.651693e-01
1.537333e-01;6.651693e-01
-9.841238e-03;-1.695105e-01
-9.841238e-03;-1.695105e-01
-9.841238e-03;-1.695105e-01
-9.841238e-03;-1.695105e-01
-9.841238e-03;-1.695105e-01
-9.841238e-03;-1.695105e-01
-2.994451e-01;-2.672531e-01
-2.994451e-01;-2.672531e-01
-2.994451e-01;-2.672531e-01
-2.994451e-01;-2.672531e-01
-2.994451e-01;-2.672531e-01
-2.994451e-01;-2.672531e-01
-5.198575e-01;-4.202499e-01
-5.198575e-01;-4.202499e-01
-5.198575e-01;-4.202499e-01
-5.198575e-01;-4.202499e-01
-5.198575e-01;-4.202499e-01
-5.198575e-01;-4.202499e-01
2.769314e-01;-2.824778e-01
2.769314e-01;-2.824778e-01
2.769314e-01;-2.824778e-01
2.769314e-01;-2.824778e-01
2.332359e-01;-3.668343e-01
2.332359e-01;-3.668343e-01
2.332359e-01;-3.668343e-01
2.332359e-01;-3.668343e-01
2.332359e-01;-3.668343e-01
2.332359e-01;-3.668343e-01
1.120573e-01;-4.871657e-01
1.120573e-01;-4.871657e-01
1.120573e-01;-4.871657e-01
1.120573e-01;-4.871657e-01
1.120573e-01;-4.871657e-01
1.120573e-01;-4.871657e-01
-3.891441e-02;-5.232828e-01
-3.891441e-02;-5.232828e-01
-3.891441e-02;-5.232828e-01
-3.891441e-02;-5.232828e-01
-3.891441e-02;-5.232828e-01
-3.891441e-02;-5.232828e-01
-2.362552e-01;-6.675059e-01
-2.362552e-01;-6.675059e-01
-2.362552e-01;-6.675059e-01
-2.362552e-01;-6.675059e-01
-5.709791e-01;-6.560314e-01
-5.709791e-01;-6.560314e-01
1.491168e-01;-1.686709e-01
1.491168e-01;-1.686709e-01
1.491168e-01;-1.686709e-01
1.491168e-01;-1.686709e-01
2.659055e-01;-1.636040e-01
2.659055e-01;-1.636040e-01
2.659055e-01;-1.636040e-01
2.659055e-01;-1.636040e-01
2.659055e-01;-1.636040e-01
2.659055e-01;-1.636040e-01
4.771985e-01;-6.447771e-02
4.771985e-01;-6.447771e-02
4.771985e-01;-6.447771e-02
4.771985e-01;-6.447771e-02
4.771985e-01;-6.447771e-02
4.771985e-01;-6.447771e-02
4.182441e-01;-5.129844e-02
4.182441e-01;-5.129844e-02
4.182441e-01;-5.129844e-02
4.182441e-01;-5.129844e-02
4.182441e-01;-5.129844e-02
4.182441e-01;-5.129844e-02
1.607112e-01;1.000000e+00
1.607112e-01;1.000000e+00
1.607112e-01;1.000000e+00
1.607112e-01;1.000000e+00
-4.688498e-03;9.771609e-01
-4.688498e-03;9.771609e-01
-4.688498e-03;9.771609e-01
-4.688498e-03;9.771609e-01
-4.688498e-03;9.771609e-01
-4.688498e-03;9.771609e-01
-6.068297e-02;1.000000e+00
-6.068297e-02;1.000000e+00
-6.068297e-02;1.000000e+00
-6.068297e-02;1.000000e+00
-6.068297e-02;1.000000e+00
-6.068297e-02;1.000000e+00
-3.669752e-02;9.847667e-01
-3.669752e-02;9.847667e-01
-3.669752e-02;9.847667e-01
-3.669752e-02;9.847667e-01
-3.669752e-02;9.847667e-01
-3.669752e-02;9.847667e-01
-4.544711e-03;1.000000e+00
-4.544711e-03;1.000000e+00
-4.544711e-03;1.000000e+00
-4.544711e-03;1.000000e+00
2.001473e-01;1.000000e+00
2.001473e-01;1.000000e+00
1.311902e-01;1.000000e+00
1.311902e-01;1.000000e+00
1.311902e-01;1.000000e+00
1.311902e-01;1.000000e+00
-4.220258e-02;1.000000e+00
-4.220258e-02;1.000000e+00
-4.220258e-02;1.000000e+00
-4.220258e-02;1.000000e+00
-4.220258e-02;1.000000e+00
-4.220258e-02;1.000000e+00
-7.289707e-02;8.961177e-01
-7.289707e-02;8.961177e-01
-7.289707e-02;8.961177e-01
-7.289707e-02;8.961177e-01
-7.289707e-02;8.961177e-01
-7.289707e-02;8.961177e-01
4.335774e-02;9.791314e-01
4.335774e-02;9.791314e-01
4.335774e-02;9.791314e-01
4.335774e-02;9.791314e-01
4.335774e-02;9.791314e-01
4.335774e-02;9.791314e-01
8.042979e-01;5.739905e-01
8.042979e-01;5.739905e-01
8.042979e-01;5.739905e-01
8.042979e-01;5.739905e-01
4.789753e-01;5.395630e-01
4.789753e-01;5.395630e-01
4.789753e-01;5.395630e-01
4.789753e-01;5.395630e-01
4.789753e-01;5.395630e-01
4.789753e-01;5.395630e-01
4.099063e-01;3.931899e-01
4.099063e-01;3.931899e-01
4.099063e-01;3.931899e-01
4.099063e-01;3.931899e-01
4.099063e-01;3.931899e-01
4.099063e-01;3.931899e-01
1.537333e-01;6.651693e-01
1.537333e-01;6.651693e-01
-9.841238e-03;-1.695105e-01
-9.841238e-03;-1.695105e-01
-9.841238e-03;-1.695105e-01
-9.841238e-03;-1.695105e-01
-9.841238e-03;-1.695105e-01
-9.841238e-03;-1.695105e-01
-2.994451e-01;-2.672531e-01
-2.994451e-01;-2.672531e-01
-2.994451e-01;-2.672531e-01
-2.994451e-01;-2.672531e-01
-2.994451e-01;-2.672531e-01
-2.994451e-01;-2.672531e-01
-5.198575e-01;-4.202499e-01
-5.198575e-01;-4.202499e-01
-5.198575e-01;-4.202499e-01
-5.198575e-01;-4.202499e-01
-5.198575e-01;-4.202499e-01
-5.198575e-01;-4.202499e-01
2.769314e-01;-2.824778e-01
2.769314e-01;-2.824778e-01
2.769314e-01;-2.824778e-01
2.769314e-01;-2.824778e-01
2.332359e-01;-3.668343e-01
2.332359e-01;-3.668343e-01
2.332359e-01;-3.668343e-01
2.332359e-01;-3.668343e-01
2.332359e-01;-3.668343e-01
2.332359e-01;-3.668343e-01
1.120573e-01;-4.871657e-01
1.120573e-01;-4.871657e-01
1.120573e-01;-4.871657e-01
1.120573e-01;-4.871657e-01
1.120573e-01;-4.871657e-01
1.120573e-01;-4.871657e-01
-3.891441e-02;-5.232828e-01
-3.891441e-02;-5.232828e-01
-3.891441e-02;-5.232828e-01
-3.891441e-02;-5.232828e-01
-3.891441e-02;-5.232828e-01
-3.891441e-02;-5.232828e-01
-2.362552e-01;-6.675059e-01
-2.362552e-01;-6.675059e-01
-2.362552e-01;-6.675059e-01
-2.362552e-01;-6.675059e-01
-5.709791e-01;-6.560314e-01
-5.709791e-01;-6.560314e-01
1.491168e-01;-1.686709e-01
1.491168e-01;-1.686709e-01
1.491168e-01;-1.686709e-01
1.491168e-01;-1.686709e-01
2.659055e-01;-1.636040e-01
2.659055e-01;-1.636040e-01
2.659055e-01;-1.636040e-01
2.659055e-01;-1.636040e-01
2.659055e-01;-1.636040e-01
2.659055e-01;-1.636040e-01
4.771985e-01;-6.447771e-02
4.771985e-01;-6.447771e-02
4.771985e-01;-6.447771e-02
4.771985e-01;-6.447771e-02
4.771985e-01;-6.447771e-02
4.771985e-01;-6.447771e-02
4.182441e-01;-5.129844e-02
4.182441e-01;-5.129844e-02
4.182441e-01;-5.129844e-02
4.182441e-01;-5.129844e-02
4.182441e-01;-5.129844e-02
4.182441e-01;-5.129844e-02
1.607112e-01;1.000000e+00
1.607112e-01;1.000000e+00
1.607112e-01;1.000000e+00
1.607112e-01;1.000000e+00
-4.688498e-03;9.771609e-01
-4.688498e-03;9.771609e-01
-4.688498e-03;9.771609e-01
-4.688498e-03;9.771609e-01
-4.688498e-03;9.771609e-01
-4.688498e-03;9.771609e-01
-6.068297e-02;1.000000e+00
-6.068297e-02;1.000000e+00
-6.068297e-02;1.000000e+00
-6.068297e-02;1.000000e+00
-6.068297e-02;1.000000e+00
-6.068297e-02;1.000000e+00
-3.669752e-02;9.847667e-01
-3.669752e-02;9.847667e-01
-3.669752e-02;9.847667e-01
-3.669752e-02;9.847667e-01
-3.669752e-02;9.847667e-01
-3.669752e-02;9.847667e-01
-4.544711e-03;1.000000e+00
-4.544711e-03;1.000000e+00
-4.544711e-03;1.000000e+00
-4.544711e-03;1.000000e+00
2.001473e-01;1.000000e+00
2.001473e-01;1.000000e+00
1.311902e-01;1.000000e+00
1.311902e-01;1.000000e+00
1.311902e-01;1.000000e+00
1.311902e-01;1.000000e+00
-4.220258e-02;1.000000e+00
-4.220258e-02;1.000000e+00
-4.220258e-02;1.000000e+00
-4.220258e-02;1.000000e+00
-4.220258e-02;1.000000e+00
-4.220258e-02;1.000000e+00
-7.289707e-02;8.961177e-01
-7.289707e-02;8.961177e-01
-7.289707e-02;8.961177e-01
-7.289707e-02;8.961177e-01
-7.289707e-02;8.961177e-01
-7.289707e-02;8.961177e-01
4.335774e-02;9.791314e-01
4.335774e-02;9.791314e-01
4.335774e-02;9.791314e-01
4.335774e-02;9.791314e-01
4.335774e-02;9.791314e-01
4.335774e-02;9.791314e-01
8.042979e-01;5.739905e-01
8.042979e-01;5.739905e-01
8.042979e-01;5.739905e-01
8.042979e-01;5.739905e-01
4.789753e-01;5.395630e-01
4.789753e-01;5.395630e-01
4.789753e-01;5.395630e-01
4.789753e-01;5.395630e-01
4.789753e-01;5.395630e-01
4.789753e-01;5.395630e-01
4.099063e-01;3.931899e-01
4.099063e-01;3.931899e-01
4.099063e-01;3.931899e-01
4.099063e-01;3.931899e-01
4.099063e-01;3.931899e-01
4.099063e-01;3.931899e-01
1.537333e-01;6.651693e-01
1.537333e-01;6.651693e-01
-9.841238e-03;-1.695105e-01
-9.841238e-03;-1.695105e-01
-9.841238e-03;-1.695105e-01
-9.841238e-03;-1.695105e-01
-9.841238e-03;-1.695105e-01
-9.841238e-03;-1.695105e-01
-2.994451e-01;-2.672531e-01
-2.994451e-01;-2.672531e-01
-2.994451e-01;-2.672531e-01
-2.994451e-01;-2.672531e-01
-2.994451e-01;-2.672531e-01
-2.994451e-01;-2.672531e-01
-5.198575e-01;-4.202499e-01
-5.198575e-01;-4.202499e-01
-5.198575e-01;-4.202499e-01
-5.198575e-01;-4.202499e-01
-5.198575e-01;-4.202499e-01
-5.198575e-01;-4.202499e-01
2.769314e-01;-2.824778e-01
2.769314e-01;-2.824778e-01
2.769314e-01;-2.824778e-01
2.769314e-01;-2.824778e-01
2.332359e-01;-3.668343e-01
2.332359e-01;-3.668343e-01
2.332359e-01;-3.668343e-01
2.332359e-01;-3.668343e-01
2.332359e-01;-3.668343e-01
2.332359e-01;-3.668343e-01
1.120573e-01;-4.871657e-01
1.120573e-01;-4.871657e-01
1.120573e-01;-4.871657e-01
1.120573e-01;-4.871657e-01
1.120573e-01;-4.871657e-01
1.120573e-01;-4.871657e-01
-3.891441e-02;-5.232828e-01
-3.891441e-02;-5.232828e-01
-3.891441e-02;-5.232828e-01
-3.891441e-02;-5.232828e-01
-3.891441e-02;-5.232828e-01
-3.891441e-02;-5.232828e-01
-2.362552e-01;-6.675059e-01
-2.362552e-01;-6.675059e-01
-2.362552e-01;-6.675059e-01
-2.362552e-01;-6.675059e-01
-5.709791e-01;-6.560314e-01
-5.709791e-01;-6.560314e-01
1.491168e-01;-1.686709e-01
1.491168e-01;-1.686709e-01
1.491168e-01;-1.686709e-01
1.491168e-01;-1.686709e-01
2.659055e-01;-1.636040e-01
2.659055e-01;-1.636040e-01
2.659055e-01;-1.636040e-01
2.659055e-01;-1.636040e-01
2.659055e-01;-1.636040e-01
2.659055e-01;-1.636040e-01
4.771985e-01;-6.447771e-02
4.771985e-01;-6.447771e-02
4.771985e-01;-6.447771e-02
4.771985e-01;-6.447771e-02
4.771985e-01;-6.447771e-02
4.771985e-01;-6.447771e-02
4.182441e-01;-5.129844e-02
4.182441e-01;-5.129844e-02
4.182441e-01;-5.129844e-02
4.182441e-01;-5.129844e-02
4.182441e-01;-5.129844e-02
4.182441e-01;-5.129844e-02
1.607112e-01;1.000000e+00
1.607112e-01;1.000000e+00
1.607112e-01;1.000000e+00
1.607112e-01;1.000000e+00
-4.688498e-03;9.771609e-01
-4.688498e-03;9.771609e-01
-4.688498e-03;9.771609e-01
-4.688498e-03;9.771609e-01
-4.688498e-03;9.771609e-01
-4.688498e-03;9.771609e-01
-6.068297e-02;1.000000e+00
-6.068297e-02;1.000000e+00
-6.068297e-02;1.000000e+00
-6.068297e-02;1.000000e+00
-6.068297e-02;1.000000e+00
-6.068297e-02;1.000000e+00
-3.669752e-02;9.847667e-01
-3.669752e-02;9.847667e-01
-3.669752e-02;9.847667e-01
-3.669752e-02;9.847667e-01
-3.669752e-02;9.847667e-01
-3.669752e-02;9.847667e-01
-4.544711e-03;1.000000e+00
-4.544711e-03;1.000000e+00
-4.544711e-03;1.000000e+00
-4.544711e-03;1.000000e+00
2.001473e-01;1.000000e+00
2.001473e-01;1.000000e+00
1.311902e-01;1.000000e+00
1.311902e-01;1.000000e+00
1.311902e-01;1.000000e+00
1.311902e-01;1.000000e+00
-4.220258e-02;1.000000e+00
-4.220258e-02;1.000000e+00
-4.220258e-02;1.000000e+00
-4.220258e-02;1.000000e+00
-4.220258e-02;1.000000e+00
-4.220258e-02;1.000000e+00
-7.289707e-02;8.961177e-01
-7.289707e-02;8.961177e-01
-7.289707e-02;8.961177e-01
-7.289707e-02;8.961177e-01
-7.289707e-02;8.961177e-01
-7.289707e-02;8.961177e-01
4.335774e-02;9.791314e-01
4.335774e-02;9.791314e-01
4.335774e-02;9.791314e-01
4.335774e-02;9.791314e-01
4.335774e-02;9.791314e-01
4.335774e-02;9.791314e-01
8.042979e-01;5.739905e-01
8.042979e-01;5.739905e-01
8.042979e-01;5.739905e-01
8.042979e-01;5.739905e-01
4.789753e-01;5.395630e-01
4.789753e-01;5.395630e-01
4.789753e-01;5.395630e-01
4.789753e-01;5.395630e-01
4.789753e-01;5.395630e-01
4.789753e-01;5.395630e-01
4.099063e-01;3.931899e-01
4.099063e-01;3.931899e-01
4.099063e-01;3.931899e-01
4.099063e-01;3.931899e-01
4.099063e-01;3.931899e-01
4.099063e-01;3.931899e-01
1.537333e-01;6.651693e-01
1.537333e-01;6.651693e-01
1.333333e-01;-1.774839e-17
1.333333e-01;-1.774839e-17
-7.872990e-03;-1.186573e-01
-7.872990e-03;-1.186573e-01
-7.872990e-03;-1.186573e-01
-2.395561e-01;-1.870772e-01
-2.395561e-01;-1.870772e-01
-2.395561e-01;-1.870772e-01
-4.158860e-01;-2.941749e-01
-4.158860e-01;-2.941749e-01
-4.158860e-01;-2.941749e-01
2.215451e-01;-1.977344e-01
2.215451e-01;-1.977344e-01
1.865887e-01;-2.567840e-01
1.865887e-01;-2.567840e-01
1.865887e-01;-2.567840e-01
8.964585e-02;-3.410160e-01
8.964585e-02;-3.410160e-01
8.964585e-02;-3.410160e-01
-3.113153e-02;-3.662980e-01
-3.113153e-02;-3.662980e-01
-3.113153e-02;-3.662980e-01
-1.890042e-01;-4.672541e-01
-1.890042e-01;-4.672541e-01
-4.567833e-01;-4.592220e-01
1.192935e-01;-1.180696e-01
1.192935e-01;-1.180696e-01
2.127244e-01;-1.145228e-01
2.127244e-01;-1.145228e-01
2.127244e-01;-1.145228e-01
3.817588e-01;-4.513439e-02
3.817588e-01;-4.513439e-02
3.817588e-01;-4.513439e-02
3.345953e-01;-3.590891e-02
3.345953e-01;-3.590891e-02
3.345953e-01;-3.590891e-02
1.285690e-01;8.387520e-01
1.285690e-01;8.387520e-01
-3.750798e-03;8.195957e-01
-3.750798e-03;8.195957e-01
-3.750798e-03;8.195957e-01
-4.854638e-02;9.331908e-01
-4.854638e-02;9.331908e-01
-4.854638e-02;9.331908e-01
-2.935801e-02;9.189752e-01
-2.935801e-02;9.189752e-01
-2.935801e-02;9.189752e-01
-3.635769e-03;1.000000e+00
-3.635769e-03;1.000000e+00
1.601179e-01;1.000000e+00
1.049522e-01;1.000000e+00
1.049522e-01;1.000000e+00
-3.376207e-02;1.000000e+00
-3.376207e-02;1.000000e+00
-3.376207e-02;1.000000e+00
-5.831766e-02;8.961177e-01
-5.831766e-02;8.961177e-01
-5.831766e-02;8.961177e-01
3.468619e-02;9.791314e-01
3.468619e-02;9.791314e-01
3.468619e-02;9.791314e-01
6.434383e-01;5.739905e-01
6.434383e-01;5.739905e-01
3.831803e-01;5.395630e-01
3.831803e-01;5.395630e-01
3.831803e-01;5.395630e-01
3.279251e-01;3.931899e-01
3.279251e-01;3.931899e-01
3.279251e-01;3.931899e-01
1.229866e-01;6.651693e-01
2.588235e-01;-7.264155e-18
2.588235e-01;-7.264155e-18
2.588235e-01;-7.264155e-18
2.588235e-01;-7.264155e-18
6.552824e-02;-1.686601e-02
6.552824e-02;-1.686601e-02
6.552824e-02;-1.686601e-02
6.552824e-02;-1.686601e-02
6.552824e-02;-1.686601e-02
6.552824e-02;-1.686601e-02
6.552824e-02;-1.686601e-02
-1.142197e-01;-3.092609e-01
-1.142197e-01;-3.092609e-01
-1.142197e-01;-3.092609e-01
-1.142197e-01;-3.092609e-01
-1.142197e-01;-3.092609e-01
-1.142197e-01;-3.092609e-01
-1.142197e-01;-3.092609e-01
-2.980412e-01;-2.717761e-01
-2.980412e-01;-2.717761e-01
-2.980412e-01;-2.717761e-01
-2.980412e-01;-2.717761e-01
-4.607830e-01;-2.529331e-01
-4.607830e-01;-2.529331e-01
-4.607830e-01;-2.529331e-01
1.217978e-01;-4.472000e-01
1.217978e-01;-4.472000e-01
1.217978e-01;-4.472000e-01
1.217978e-01;-4.472000e-01
1.693989e-01;-6.068213e-01
1.693989e-01;-6.068213e-01
1.693989e-01;-6.068213e-01
1.693989e-01;-6.068213e-01
1.693989e-01;-6.068213e-01
1.693989e-01;-6.068213e-01
8.000000e-02;-1.308632e-17
-4.755125e-02;8.760520e-03
-1.132991e-01;-6.091599e-02
-1.132991e-01;-6.091599e-02
-2.578007e-01;-1.474032e-01
-3.319290e-01;-2.510257e-01
-3.319290e-01;-2.510257e-01
-5.369479e-01;-4.942939e-02
-7.836163e-01;-7.057427e-02
-7.836163e-01;-7.057427e-02
-8.475147e-01;-5.096586e-02
-9.246973e-01;-1.240114e-02
-9.246973e-01;-1.240114e-02
-9.884625e-01;-6.495912e-03
-1.000000e+00;2.587676e-03
-1.000000e+00;2.587676e-03
-6.482830e-01;1.456063e-01
-6.775523e-01;1.324583e-01
-8.009293e-01;3.176834e-01
-6.621059e-01;4.952133e-01
-7.129232e-01;4.380134e-01
-8.615887e-01;4.033725e-01
-4.761693e-01;1.386689e-01
-5.701228e-01;6.356946e-02
-5.981855e-01;-3.681840e-02
-5.719294e-01;1.912961e-01
-4.898515e-01;1.940952e-01
-6.387916e-01;2.654416e-01
-6.387916e-01;2.654416e-01
-8.309420e-01;1.303410e-01
-8.592022e-01;7.482430e-02
-8.592022e-01;7.482430e-02
-7.153792e-01;-1.178014e-01
-6.146516e-01;1.957163e-02
-6.146516e-01;1.957163e-02
-6.119987e-01;-3.161075e-02
-7.782937e-01;6.158163e-02
-7.782937e-01;6.158163e-02
-7.829898e-01;5.138025e-02
-8.635994e-01;-1.183620e-01
-8.635994e-01;-1.183620e-01
-9.912347e-01;-3.435779e-03
-1.000000e+00;-4.048664e-02
-9.435210e-01;-2.543804e-01
-2.143487e-01;-4.035425e-01
-4.522268e-01;-8.566028e-03
-3.761428e-01;5.172428e-02
-1.689251e-01;3.264288e-01
-1.951946e-01;4.038731e-01
-2.256714e-01;2.465452e-01
7.580165e-01;-7.100769e-01
6.705389e-01;-6.279951e-01
8.285806e-01;-6.771636e-01
8.285806e-01;-6.771636e-01
1.000000e+00;-5.342333e-01
1.000000e+00;-7.631376e-01
1.000000e+00;-7.631376e-01
9.525589e-01;-8.138682e-01
1.000000e+00;-9.173882e-01
1.000000e+00;-9.173882e-01
9.312262e-01;-9.001161e-01
1.000000e+00;-1.000000e+00
1.000000e+00;-1.000000e+00
9.179949e-01;-8.497820e-01
9.632818e-01;-7.532258e-01
9.632818e-01;-7.532258e-01
1.000000e+00;-9.024549e-01
9.345505e-01;-7.002827e-01
8.770606e-01;-5.453783e-01
6.217409e-01;-3.472727e-01
8.135630e-01;-5.769256e-01
7.591585e-01;-9.008640e-01
4.351001e-01;-7.688233e-01
4.573571e-01;-8.469411e-01
6.411690e-02;7.571068e-02
-3.426943e-01;2.893666e-01
-3.229441e-01;2.825062e-01
-3.724196e-01;3.597338e-01
-3.724196e-01;3.597338e-01
-5.418542e-01;6.161405e-01
-6.495513e-01;1.000000e+00
-6.495513e-01;1.000000e+00
-6.208948e-01;9.482511e-01
-6.593646e-01;9.941246e-01
-6.593646e-01;9.941246e-01
-6.054109e-01;1.000000e+00
-6.253499e-01;1.000000e+00
-6.253499e-01;1.000000e+00
-5.397912e-01;8.571181e-01
-5.628592e-01;8.397259e-01
-5.628592e-01;8.397259e-01
-2.075814e-01;6.779887e-01
-1.093057e-01;5.633207e-01
-1.216019e-01;3.958456e-01
-2.508309e-01;4.663248e-01
-2.735074e-01;3.831230e-01
-2.281418e-01;6.477519e-01
-5.485842e-02;3.208221e-01
-9.462465e-03;3.650972e-01
3.336952e-01;-2.928351e-01
1.346514e-01;4.250543e-01
1.554786e-01;4.006687e-01
6.858063e-02;5.181973e-01
6.858063e-02;5.181973e-01
2.142736e-01;2.277061e-01
2.023556e-01;6.049426e-02
2.023556e-01;6.049426e-02
1.964905e-01;-8.987197e-02
2.348912e-01;-2.829150e-01
2.348912e-01;-2.829150e-01
2.224407e-01;-2.499535e-01
2.381630e-01;-1.264225e-01
2.381630e-01;-1.264225e-01
2.425780e-01;-1.496553e-01
2.804163e-01;-1.946464e-01
2.804163e-01;-1.946464e-01
4.634389e-01;-9.305104e-01
4.741126e-01;-9.366043e-01
5.610191e-01;-8.837847e-01
4.438161e-01;-9.339221e-01
2.151840e-01;-9.097837e-01
2.077183e-01;-1.000000e+00
3.595066e-01;-8.522237e-01
3.153536e-01;-8.535564e-01
3.091308e-01;-8.229046e-01
6.109212e-01;-8.396643e-01
3.966309e-01;-8.143872e-01
4.167367e-01;-9.954004e-01
4.167367e-01;-9.954004e-01
4.207651e-01;-8.571690e-01
4.905649e-01;-7.532030e-01
4.905649e-01;-7.532030e-01
3.209854e-01;-4.528625e-01
3.046324e-01;-3.266504e-01
3.046324e-01;-3.266504e-01
1.966232e-01;-4.566772e-01
7.388978e-02;-2.835957e-01
7.388978e-02;-2.835957e-01
-4.763537e-02;-1.209466e-01
-6.223403e-01;7.519374e-01
6.666667e-02;-1.343055e-17
-3.089584e-02;5.426969e-04
-1.332918e-01;-1.186408e-02
-1.332918e-01;-1.186408e-02
-4.012362e-01;3.959914e-02
-5.505894e-01;4.642733e-02
-5.505894e-01;4.642733e-02
-8.208199e-01;-7.091783e-02
-1.000000e+00;-1.783435e-01
-1.000000e+00;-1.783435e-01
-1.000000e+00;-1.459303e-01
-1.000000e+00;-1.742769e-01
-1.000000e+00;-1.742769e-01
-1.000000e+00;-1.680286e-01
-1.000000e+00;-8.814307e-02
-1.000000e+00;-8.814307e-02
-8.885270e-02;-1.000000e+00
-1.851661e-01;-9.128628e-01
-2.489862e-01;-9.232164e-01
1.545061e-01;-6.319758e-01
6.338158e-02;-6.480678e-01
-6.277065e-02;-6.649930e-01
2.466284e-01;-6.134042e-01
1.462081e-01;-5.579624e-01
8.136061e-02;-4.567359e-01
4.262612e-01;2.954580e-01
4.187691e-01;3.503930e-01
3.258752e-01;3.138864e-01
3.258752e-01;3.138864e-01
2.929024e-01;2.340186e-01
2.560711e-01;3.234385e-01
2.560711e-01;3.234385e-01
3.220355e-01;5.111291e-01
4.261846e-01;6.682525e-01
4.261846e-01;6.682525e-01
3.880510e-01;7.534094e-01
3.305751e-01;7.548613e-01
3.305751e-01;7.548613e-01
2.842001e-01;5.838990e-01
3.010304e-01;4.236282e-01
3.010304e-01;4.236282e-01
-1.936995e-01;1.000000e+00
-2.098484e-01;9.735027e-01
-2.407842e-01;1.000000e+00
3.805589e-02;1.000000e+00
-1.426351e-01;1.000000e+00
-1.111252e-01;1.000000e+00
4.898159e-02;1.000000e+00
3.783075e-02;9.505680e-01
2.319511e-02;8.916677e-01
5.838215e-01;7.130855e-01
5.327653e-01;6.931450e-01
6.232191e-01;7.160789e-01
6.232191e-01;7.160789e-01
7.708347e-01;7.298455e-01
7.939479e-01;6.690413e-01
7.939479e-01;6.690413e-01
7.723519e-01;6.229617e-01
7.599397e-01;6.177821e-01
7.599397e-01;6.177821e-01
7.914211e-01;5.357735e-01
8.724848e-01;5.344561e-01
8.724848e-01;5.344561e-01
8.806970e-01;5.395744e-01
8.887948e-01;5.470091e-01
8.887948e-01;5.470091e-01
1.000000e+00;4.637777e-01
1.000000e+00;4.027017e-01
9.831414e-01;3.839858e-01
7.924485e-01;2.157780e-02
9.671629e-01;3.926131e-02
8.582323e-01;5.648568e-02
5.580273e-01;-3.050672e-01
5.692477e-01;-2.223883e-01
5.379442e-01;-1.755294e-01
7.958268e-02;-3.447680e-01
1.410238e-01;-3.686622e-01
1.526275e-01;-3.881640e-01
1.526275e-01;-3.881640e-01
3.965001e-02;-3.644932e-01
4.380098e-02;-3.343972e-01
4.380098e-02;-3.343972e-01
8.261655e-02;-3.087630e-01
1.366721e-01;-3.292520e-01
1.366721e-01;-3.292520e-01
1.255839e-01;-2.915763e-01
1.458886e-01;-3.258298e-01
1.458886e-01;-3.258298e-01
1.931874e-01;-2.644687e-01
1.684417e-01;-2.572498e-01
1.684417e-01;-2.572498e-01
4.085368e-01;-1.831883e-01
4.150732e-01;-1.196534e-01
4.435823e-01;-1.043038e-01
3.540673e-01;1.127169e-01
3.666796e-01;4.580418e-02
4.739240e-01;-8.792006e-03
1.000000e+00;9.425365e-02
1.000000e+00;1.725999e-02
9.622024e-01;3.788379e-02
1.000000e+00;9.186903e-02
9.640898e-01;1.393165e-01
9.506368e-01;4.485091e-02
9.506368e-01;4.485091e-02
1.000000e+00;-1.400371e-02
9.195756e-01;-3.720233e-02
9.195756e-01;-3.720233e-02
8.954003e-01;-2.953454e-01
8.872694e-01;-3.277851e-01
8.872694e-01;-3.277851e-01
9.102376e-01;-3.513103e-01
9.007509e-01;-3.030948e-01
9.007509e-01;-3.030948e-01
8.982972e-01;-3.380150e-01
9.541846e-01;-3.524555e-01
9.541846e-01;-3.524555e-01
5.313722e-01;-3.791932e-01
5.569351e-01;-4.038065e-01
5.568628e-01;-3.894432e-01
3.662013e-01;-5.060463e-01
2.384953e-01;-5.070857e-01
2.608645e-01;-5.302785e-01
1.349720e-01;-5.614418e-01
1.212897e-01;-5.905463e-01
1.890034e-01;-6.635253e-01
2.834275e-01;-4.417388e-01
6.057250e-02;-3.996843e-01
-1.361048e-02;-2.850262e-01
-1.361048e-02;-2.850262e-01
-3.558735e-02;-2.750871e-01
5.100328e-02;-2.580652e-01
5.100328e-02;-2.580652e-01
-6.407178e-02;6.054089e-02
-7.365628e-02;1.210810e-01
-7.365628e-02;1.210810e-01
-1.793892e-01;1.569600e-01
-1.932535e-01;1.642674e-01
-1.932535e-01;1.642674e-01
-2.914758e-01;2.381917e-01
-4.237689e-01;3.037272e-01
6.666667e-02;1.503427e-17
-3.041300e-02;2.724930e-04
-1.358293e-01;-3.766987e-02
-1.358293e-01;-3.766987e-02
-3.987340e-01;2.413528e-02
-5.766775e-01;1.415018e-01
-5.766775e-01;1.415018e-01
-7.826764e-01;1.961515e-01
-1.000000e+00;-2.579309e-01
-1.000000e+00;-2.579309e-01
-1.000000e+00;-1.618514e-01
-1.000000e+00;-3.229638e-02
-1.000000e+00;-3.229638e-02
-1.000000e+00;-8.745562e-02
-1.000000e+00;-9.946255e-02
-1.000000e+00;-9.946255e-02
4.092905e-02;-1.000000e+00
-3.488420e-02;-9.497168e-01
-1.367421e-01;-8.536744e-01
3.308020e-01;-9.907527e-01
1.543774e-01;-8.288868e-01
-3.577677e-02;-8.098797e-01
3.188068e-01;-8.135793e-01
2.170229e-01;-7.747547e-01
1.581503e-01;-7.162477e-01
7.556862e-01;-1.000000e+00
7.332121e-01;-9.168008e-01
5.946036e-01;-8.187626e-01
5.946036e-01;-8.187626e-01
5.534831e-01;-8.696561e-01
5.606453e-01;-9.020345e-01
5.606453e-01;-9.020345e-01
5.966640e-01;-8.904095e-01
7.142966e-01;-6.322230e-01
7.142966e-01;-6.322230e-01
7.034135e-01;-6.088801e-01
6.151905e-01;-6.477092e-01
6.151905e-01;-6.477092e-01
5.439120e-01;-6.231173e-01
5.014562e-01;-6.175874e-01
5.014562e-01;-6.175874e-01
-5.493793e-02;3.248748e-02
-9.365862e-02;-1.826653e-02
-7.747593e-02;-1.098650e-01
1.964198e-01;2.718550e-01
1.020701e-01;1.857256e-01
1.839390e-01;2.590165e-01
2.591550e-01;8.134117e-01
2.438487e-01;6.768583e-01
2.161789e-01;6.546556e-01
4.228407e-01;1.000000e+00
3.809691e-01;9.535245e-01
5.198782e-01;9.217394e-01
5.198782e-01;9.217394e-01
6.727030e-01;9.453693e-01
6.399444e-01;9.023017e-01
6.399444e-01;9.023017e-01
5.548664e-01;8.937110e-01
5.600936e-01;8.881767e-01
5.600936e-01;8.881767e-01
5.765331e-01;8.097672e-01
6.718867e-01;7.949589e-01
6.718867e-01;7.949589e-01
6.791518e-01;7.473577e-01
6.826483e-01;7.253184e-01
6.826483e-01;7.253184e-01
9.902531e-01;6.903413e-01
9.440480e-01;7.187584e-01
8.958408e-01;7.766939e-01
6.190233e-01;6.135807e-01
8.130315e-01;5.921704e-01
7.772863e-01;5.406722e-01
5.107073e-01;1.460490e-01
5.025524e-01;1.836456e-01
4.668465e-01;2.216281e-01
2.325634e-01;-2.731506e-01
2.097414e-01;-2.143955e-01
1.320143e-01;-1.454105e-01
1.320143e-01;-1.454105e-01
3.832760e-02;-1.869619e-01
5.876594e-02;-1.794878e-01
5.876594e-02;-1.794878e-01
1.428890e-01;-1.884824e-01
1.783285e-01;-1.942797e-01
1.783285e-01;-1.942797e-01
1.411687e-01;-1.599588e-01
1.494845e-01;-1.856646e-01
1.494845e-01;-1.856646e-01
2.104169e-01;-1.421006e-01
1.846811e-01;-1.466737e-01
1.846811e-01;-1.466737e-01
3.496659e-01;-1.342503e-01
3.715170e-01;-1.285372e-01
4.174171e-01;-1.488849e-01
2.967202e-01;-1.380466e-01
2.796870e-01;-1.458045e-01
3.045293e-01;-1.492671e-01
1.000000e+00;-7.497176e-01
1.000000e+00;-7.060650e-01
9.996217e-01;-7.534246e-01
9.794852e-01;-8.275503e-01
1.000000e+00;-8.562271e-01
1.000000e+00;-9.344359e-01
1.000000e+00;-9.344359e-01
1.000000e+00;-9.257889e-01
9.319312e-01;-9.537351e-01
9.319312e-01;-9.537351e-01
7.869396e-01;-8.438539e-01
7.507552e-01;-8.190396e-01
7.507552e-01;-8.190396e-01
7.650306e-01;-7.902259e-01
7.706527e-01;-7.546716e-01
7.706527e-01;-7.546716e-01
7.832256e-01;-7.633457e-01
8.409986e-01;-7.513066e-01
8.409986e-01;-7.513066e-01
4.039960e-01;-6.718226e-01
4.526041e-01;-7.027394e-01
4.579622e-01;-7.386381e-01
3.035741e-01;-7.807039e-01
1.664457e-01;-7.869370e-01
1.594391e-01;-7.576476e-01
-1.503808e-01;-7.375198e-02
-1.539124e-01;-6.253592e-02
-1.304208e-01;-8.915714e-02
-1.414871e-01;3.017885e-01
-3.132002e-01;2.557883e-01
-3.503294e-01;2.400842e-01
-3.503294e-01;2.400842e-01
-3.740619e-01;2.861821e-01
-2.778095e-01;3.427122e-01
-2.778095e-01;3.427122e-01
-2.382915e-01;2.197356e-01
-2.300744e-01;2.030502e-01
-2.300744e-01;2.030502e-01
-3.235813e-01;1.894373e-01
-3.417917e-01;1.854754e-01
-3.417917e-01;1.854754e-01
-4.374219e-01;1.656620e-01
-5.507932e-01;1.123305e-01
6.666667e-02;1.503427e-17
-3.041300e-02;2.724930e-04
-1.358293e-01;-3.766987e-02
-1.358293e-01;-3.766987e-02
-3.987340e-01;2.413528e-02
-5.766775e-01;1.415018e-01
-5.766775e-01;1.415018e-01
-7.826764e-01;1.961515e-01
-1.000000e+00;-2.579309e-01
-1.000000e+00;-2.579309e-01
-1.000000e+00;-1.618514e-01
-1.000000e+00;-3.229638e-02
-1.000000e+00;-3.229638e-02
-1.000000e+00;-8.745562e-02
-1.000000e+00;-9.946255e-02
-1.000000e+00;-9.946255e-02
4.092905e-02;-1.000000e+00
-3.488420e-02;-9.497168e-01
-1.367421e-01;-8.536744e-01
3.308020e-01;-9.907527e-01
1.543774e-01;-8.288868e-01
-3.577677e-02;-8.098797e-01
3.188068e-01;-8.135793e-01
2.170229e-01;-7.747547e-01
1.581503e-01;-7.162477e-01
7.556862e-01;-1.000000e+00
7.332121e-01;-9.168008e-01
5.946036e-01;-8.187626e-01
5.946036e-01;-8.187626e-01
5.534831e-01;-8.696561e-01
5.606453e-01;-9.020345e-01
5.606453e-01;-9.020345e-01
5.966640e-01;-8.904095e-01
7.142966e-01;-6.322230e-01
7.142966e-01;-6.322230e-01
7.034135e-01;-6.088801e-01
6.151905e-01;-6.477092e-01
6.151905e-01;-6.477092e-01
5.439120e-01;-6.231173e-01
5.014562e-01;-6.175874e-01
5.014562e-01;-6.175874e-01
-5.493793e-02;3.248748e-02
-9.365862e-02;-1.826653e-02
-7.747593e-02;-1.098650e-01
1.964198e-01;2.718550e-01
1.020701e-01;1.857256e-01
1.839390e-01;2.590165e-01
2.591550e-01;8.134117e-01
2.438487e-01;6.768583e-01
2.161789e-01;6.546556e-01
4.228407e-01;1.000000e+00
3.809691e-01;9.535245e-01
5.198782e-01;9.217394e-01
5.198782e-01;9.217394e-01
6.727030e-01;9.453693e-01
6.399444e-01;9.023017e-01
6.399444e-01;9.023017e-01
5.548664e-01;8.937110e-01
5.600936e-01;8.881767e-01
5.600936e-01;8.881767e-01
5.765331e-01;8.097672e-01
6.718867e-01;7.949589e-01
6.718867e-01;7.949589e-01
6.791518e-01;7.473577e-01
6.826483e-01;7.253184e-01
6.826483e-01;7.253184e-01
9.902531e-01;6.903413e-01
9.440480e-01;7.187584e-01
8.958408e-01;7.766939e-01
6.190233e-01;6.135807e-01
8.130315e-01;5.921704e-01
7.772863e-01;5.406722e-01
5.107073e-01;1.460490e-01
5.025524e-01;1.836456e-01
4.668465e-01;2.216281e-01
2.325634e-01;-2.731506e-01
2.097414e-01;-2.143955e-01
1.320143e-01;-1.454105e-01
1.320143e-01;-1.454105e-01
3.832760e-02;-1.869619e-01
5.876594e-02;-1.794878e-01
5.876594e-02;-1.794878e-01
1.428890e-01;-1.884824e-01
1.783285e-01;-1.942797e-01
1.783285e-01;-1.942797e-01
1.411687e-01;-1.599588e-01
1.494845e-01;-1.856646e-01
1.494845e-01;-1.856646e-01
2.104169e-01;-1.421006e-01
1.846811e-01;-1.466737e-01
1.846811e-01;-1.466737e-01
3.496659e-01;-1.342503e-01
3.715170e-01;-1.285372e-01
4.174171e-01;-1.488849e-01
2.967202e-01;-1.380466e-01
2.796870e-01;-1.458045e-01
3.045293e-01;-1.492671e-01
1.000000e+00;-7.497176e-01
1.000000e+00;-7.060650e-01
9.996217e-01;-7.534246e-01
9.794852e-01;-8.275503e-01
1.000000e+00;-8.562271e-01
1.000000e+00;-9.344359e-01
1.000000e+00;-9.344359e-01
1.000000e+00;-9.257889e-01
9.319312e-01;-9.537351e-01
9.319312e-01;-9.537351e-01
7.869396e-01;-8.438539e-01
7.507552e-01;-8.190396e-01
7.507552e-01;-8.190396e-01
7.650306e-01;-7.902259e-01
7.706527e-01;-7.546716e-01
7.706527e-01;-7.546716e-01
7.832256e-01;-7.633457e-01
8.409986e-01;-7.513066e-01
8.409986e-01;-7.513066e-01
4.039960e-01;-6.718226e-01
4.526041e-01;-7.027394e-01
4.579622e-01;-7.386381e-01
3.035741e-01;-7.807039e-01
1.664457e-01;-7.869370e-01
1.594391e-01;-7.576476e-01
-1.503808e-01;-7.375198e-02
-1.539124e-01;-6.253592e-02
-1.304208e-01;-8.915714e-02
-1.414871e-01;3.017885e-01
-3.132002e-01;2.557883e-01
-3.503294e-01;2.400842e-01
-3.503294e-01;2.400842e-01
-3.740619e-01;2.861821e-01
-2.778095e-01;3.427122e-01
-2.778095e-01;3.427122e-01
-2.382915e-01;2.197356e-01
-2.300744e-01;2.030502e-01
-2.300744e-01;2.030502e-01
-3.235813e-01;1.894373e-01
-3.417917e-01;1.854754e-01
-3.417917e-01;1.854754e-01
-4.374219e-01;1.656620e-01
-5.507932e-01;1.123305e-01
6.666667e-02;1.503427e-17
-3.041300e-02;2.724930e-04
-1.358293e-01;-3.766987e-02
-1.358293e-01;-3.766987e-02
-3.987340e-01;2.413528e-02
-5.766775e-01;1.415018e-01
-5.766775e-01;1.415018e-01
-7.826764e-01;1.961515e-01
-1.000000e+00;-2.579309e-01
-1.000000e+00;-2.579309e-01
-1.000000e+00;-1.618514e-01
-1.000000e+00;-3.229638e-02
-1.000000e+00;-3.229638e-02
-1.000000e+00;-8.745562e-02
-1.000000e+00;-9.946255e-02
-1.000000e+00;-9.946255e-02
4.092905e-02;-1.000000e+00
-3.488420e-02;-9.497168e-01
-1.367421e-01;-8.536744e-01
3.308020e-01;-9.907527e-01
1.543774e-01;-8.288868e-01
-3.577677e-02;-8.098797e-01
3.188068e-01;-8.135793e-01
2.170229e-01;-7.747547e-01
1.581503e-01;-7.162477e-01
7.556862e-01;-1.000000e+00
7.332121e-01;-9.168008e-01
5.946036e-01;-8.187626e-01
5.946036e-01;-8.187626e-01
5.534831e-01;-8.696561e-01
5.606453e-01;-9.020345e-01
5.606453e-01;-9.020345e-01
5.966640e-01;-8.904095e-01
7.142966e-01;-6.322230e-01
7.142966e-01;-6.322230e-01
7.034135e-01;-6.088801e-01
6.151905e-01;-6.477092e-01
6.151905e-01;-6.477092e-01
5.439120e-01;-6.231173e-01
5.014562e-01;-6.175874e-01
5.014562e-01;-6.175874e-01
-5.493793e-02;3.248748e-02
-9.365862e-02;-1.826653e-02
-7.747593e-02;-1.098650e-01
1.964198e-01;2.718550e-01
1.020701e-01;1.857256e-01
1.839390e-01;2.590165e-01
2.591550e-01;8.134117e-01
2.438487e-01;6.768583e-01
2.161789e-01;6.546556e-01
4.228407e-01;1.000000e+00
3.809691e-01;9.535245e-01
5.198782e-01;9.217394e-01
5.198782e-01;9.217394e-01
6.727030e-01;9.453693e-01
6.399444e-01;9.023017e-01
6.399444e-01;9.023017e-01
5.548664e-01;8.937110e-01
5.600936e-01;8.881767e-01
5.600936e-01;8.881767e-01
5.765331e-01;8.097672e-01
6.718867e-01;7.949589e-01
6.718867e-01;7.949589e-01
6.791518e-01;7.473577e-01
6.826483e-01;7.253184e-01
6.826483e-01;7.253184e-01
9.902531e-01;6.903413e-01
9.440480e-01;7.187584e-01
8.958408e-01;7.766939e-01
6.190233e-01;6.135807e-01
8.130315e-01;5.921704e-01
7.772863e-01;5.406722e-01
5.107073e-01;1.460490e-01
5.025524e-01;1.836456e-01
4.668465e-01;2.216281e-01
2.325634e-01;-2.731506e-01
2.097414e-01;-2.143955e-01
1.320143e-01;-1.454105e-01
1.320143e-01;-1.454105e-01
3.832760e-02;-1.869619e-01
5.876594e-02;-1.794878e-01
5.876594e-02;-1.794878e-01
1.428890e-01;-1.884824e-01
1.783285e-01;-1.942797e-01
1.783285e-01;-1.942797e-01
1.411687e-01;-1.599588e-01
1.494845e-01;-1.856646e-01
1.494845e-01;-1.856646e-01
2.104169e-01;-1.421006e-01
1.846811e-01;-1.466737e-01
1.846811e-01;-1.466737e-01
3.496659e-01;-1.342503e-01
3.715170e-01;-1.285372e-01
4.174171e-01;-1.488849e-01
2.967202e-01;-1.380466e-01
2.796870e-01;-1.458045e-01
3.045293e-01;-1.492671e-01
1.000000e+00;-7.497176e-01
1.000000e+00;-7.060650e-01
9.996217e-01;-7.534246e-01
9.794852e-01;-8.275503e-01
1.000000e+00;-8.562271e-01
1.000000e+00;-9.344359e-01
1.000000e+00;-9.344359e-01
1.000000e+00;-9.257889e-01
9.319312e-01;-9.537351e-01
9.319312e-01;-9.537351e-01
7.869396e-01;-8.438539e-01
7.507552e-01;-8.190396e-01
7.507552e-01;-8.190396e-01
7.650306e-01;-7.902259e-01
7.706527e-01;-7.546716e-01
7.706527e-01;-7.546716e-01
7.832256e-01;-7.633457e-01
8.409986e-01;-7.513066e-01
8.409986e-01;-7.513066e-01
4.039960e-01;-6.718226e-01
4.526041e-01;-7.027394e-01
4.579622e-01;-7.386381e-01
3.035741e-01;-7.807039e-01
1.664457e-01;-7.869370e-01
1.594391e-01;-7.576476e-01
-1.503808e-01;-7.375198e-02
-1.539124e-01;-6.253592e-02
-1.304208e-01;-8.915714e-02
-1.414871e-01;3.017885e-01
-3.132002e-01;2.557883e-01
-3.503294e-01;2.400842e-01
-3.503294e-01;2.400842e-01
-3.740619e-01;2.861821e-01
-2.778095e-01;3.427122e-01
-2.778095e-01;3.427122e-01
-2.382915e-01;2.197356e-01
-2.300744e-01;2.030502e-01
-2.300744e-01;2.030502e-01
-3.235813e-01;1.894373e-01
-3.417917e-01;1.854754e-01
-3.417917e-01;1.854754e-01
-4.374219e-01;1.656620e-01
-5.507932e-01;1.123305e-01
4.242424e-01;-2.617855e-17
4.242424e-01;-2.617855e-17
4.242424e-01;-2.617855e-17
4.242424e-01;-2.617855e-17
4.242424e-01;-2.617855e-17
4.242424e-01;-2.617855e-17
4.242424e-01;-2.617855e-17
4.242424e-01;-2.617855e-17
4.242424e-01;-2.617855e-17
-3.077609e-01;-1.543456e-01
-3.077609e-01;-1.543456e-01
-3.077609e-01;-1.543456e-01
-3.077609e-01;-1.543456e-01
-3.077609e-01;-1.543456e-01
-3.077609e-01;-1.543456e-01
-3.077609e-01;-1.543456e-01
-3.077609e-01;-1.543456e-01
-3.077609e-01;-1.543456e-01
7.777778e-02;-9.447343e-18
7.777778e-02;-9.447343e-18
-1.639144e-02;-9.119777e-02
-1.639144e-02;-9.119777e-02
-1.639144e-02;-9.119777e-02
-1.751594e-01;-9.545828e-02
-1.751594e-01;-9.545828e-02
-1.751594e-01;-9.545828e-02
-2.939877e-01;-1.446702e-01
-2.939877e-01;-1.446702e-01
-2.939877e-01;-1.446702e-01
6.909305e-02;-7.966756e-02
6.909305e-02;-7.966756e-02
5.070979e-02;-1.374725e-01
5.070979e-02;-1.374725e-01
5.070979e-02;-1.374725e-01
-2.566225e-02;-1.895234e-01
-2.566225e-02;-1.895234e-01
-2.566225e-02;-1.895234e-01
-1.010400e-01;-1.854587e-01
-1.010400e-01;-1.854587e-01
-1.010400e-01;-1.854587e-01
-1.906626e-01;-2.179518e-01
-1.906626e-01;-2.179518e-01
-3.437518e-01;-2.050078e-01
9.715576e-02;1.289780e-02
9.715576e-02;1.289780e-02
1.701293e-01;3.056901e-02
1.701293e-01;3.056901e-02
1.701293e-01;3.056901e-02
2.897520e-01;4.905552e-02
2.897520e-01;4.905552e-02
2.897520e-01;4.905552e-02
3.241865e-01;3.028363e-02
3.241865e-01;3.028363e-02
3.241865e-01;3.028363e-02
2.261111e-01;5.111138e-01
2.261111e-01;5.111138e-01
1.436427e-01;5.265431e-01
1.436427e-01;5.265431e-01
1.436427e-01;5.265431e-01
1.294064e-01;5.995491e-01
1.294064e-01;5.995491e-01
1.294064e-01;5.995491e-01
1.122334e-01;6.160629e-01
1.122334e-01;6.160629e-01
1.122334e-01;6.160629e-01
9.797844e-02;7.469859e-01
9.797844e-02;7.469859e-01
1.844380e-01;7.680023e-01
4.582267e-02;7.736394e-01
4.582267e-02;7.736394e-01
-4.159325e-03;8.064461e-01
-4.159325e-03;8.064461e-01
-4.159325e-03;8.064461e-01
-2.943640e-02;6.925160e-01
-2.943640e-02;6.925160e-01
-2.943640e-02;6.925160e-01
-1.883072e-02;7.684445e-01
-1.883072e-02;7.684445e-01
-1.883072e-02;7.684445e-01
3.898619e-01;2.154486e-01
3.898619e-01;2.154486e-01
1.795424e-01;1.419950e-01
1.795424e-01;1.419950e-01
1.795424e-01;1.419950e-01
1.353685e-01;2.481584e-02
1.353685e-01;2.481584e-02
1.353685e-01;2.481584e-02
1.521113e-01;1.137802e-02
4.444444e-02;-9.792317e-18
4.444444e-02;-9.792317e-18
-6.421640e-04;-2.618600e-02
-6.421640e-04;-2.618600e-02
-6.421640e-04;-2.618600e-02
-1.180652e-01;-1.846592e-02
-1.180652e-01;-1.846592e-02
-1.180652e-01;-1.846592e-02
-1.910796e-01;-2.754478e-02
-1.910796e-01;-2.754478e-02
-1.910796e-01;-2.754478e-02
5.469841e-02;2.521608e-02
5.469841e-02;2.521608e-02
4.138694e-02;-8.686491e-03
4.138694e-02;-8.686491e-03
4.138694e-02;-8.686491e-03
7.361903e-03;-5.959535e-02
7.361903e-03;-5.959535e-02
7.361903e-03;-5.959535e-02
-4.167607e-02;-5.104045e-02
-4.167607e-02;-5.104045e-02
-4.167607e-02;-5.104045e-02
-8.463268e-02;-5.136429e-02
-8.463268e-02;-5.136429e-02
-1.635205e-01;-3.792169e-02
1.550380e-01;1.359814e-01
1.550380e-01;1.359814e-01
1.911430e-01;1.109297e-01
1.911430e-01;1.109297e-01
1.911430e-01;1.109297e-01
2.753543e-01;1.354073e-01
2.753543e-01;1.354073e-01
2.753543e-01;1.354073e-01
2.889347e-01;5.995551e-02
2.889347e-01;5.995551e-02
2.889347e-01;5.995551e-02
1.574141e-01;4.432195e-01
1.574141e-01;4.432195e-01
1.113610e-01;4.744694e-01
1.113610e-01;4.744694e-01
1.113610e-01;4.744694e-01
1.033981e-01;5.506843e-01
1.033981e-01;5.506843e-01
1.033981e-01;5.506843e-01
1.087337e-01;5.582746e-01
1.087337e-01;5.582746e-01
1.087337e-01;5.582746e-01
1.016045e-01;6.114982e-01
1.016045e-01;6.114982e-01
1.415898e-01;6.076616e-01
-7.872998e-02;5.496666e-01
-7.872998e-02;5.496666e-01
-1.008177e-01;5.572245e-01
-1.008177e-01;5.572245e-01
-1.008177e-01;5.572245e-01
-1.039966e-01;4.588959e-01
-1.039966e-01;4.588959e-01
-1.039966e-01;4.588959e-01
-8.816414e-02;5.703839e-01
-8.816414e-02;5.703839e-01
-8.816414e-02;5.703839e-01
4.004811e-01;1.032493e-01
4.004811e-01;1.032493e-01
3.219370e-01;4.285743e-02
3.219370e-01;4.285743e-02
3.219370e-01;4.285743e-02
3.022875e-01;-3.515588e-03
3.022875e-01;-3.515588e-03
3.022875e-01;-3.515588e-03
2.939715e-01;-5.536710e-03
1.000000e-01;-1.161082e-17
1.000000e-01;-1.161082e-17
-8.949386e-02;-1.408824e-01
-8.949386e-02;-1.408824e-01
-8.949386e-02;-1.408824e-01
-4.106451e-01;-2.189424e-01
-4.106451e-01;-2.189424e-01
-4.106451e-01;-2.189424e-01
-8.286783e-01;2.405358e-01
-8.286783e-01;2.405358e-01
-8.286783e-01;2.405358e-01
-5.303932e-02;8.557911e-01
-5.303932e-02;8.557911e-01
-1.018728e-01;8.064076e-01
-1.018728e-01;8.064076e-01
-1.018728e-01;8.064076e-01
-4.323436e-01;5.136985e-01
-4.323436e-01;5.136985e-01
-4.323436e-01;5.136985e-01
-6.228833e-01;5.154048e-01
-6.228833e-01;5.154048e-01
-6.228833e-01;5.154048e-01
-7.839321e-01;4.760039e-01
-7.839321e-01;4.760039e-01
-1.000000e+00;4.716469e-01
-2.751546e-01;1.000000e+00
-2.751546e-01;1.000000e+00
-1.868242e-01;1.000000e+00
-1.868242e-01;1.000000e+00
-1.868242e-01;1.000000e+00
1.317829e-02;1.000000e+00
1.317829e-02;1.000000e+00
1.317829e-02;1.000000e+00
2.487513e-01;5.448544e-01
2.487513e-01;5.448544e-01
2.487513e-01;5.448544e-01
7.921524e-02;1.698495e-01
7.921524e-02;1.698495e-01
-1.455669e-01;2.278652e-01
-1.455669e-01;2.278652e-01
-1.455669e-01;2.278652e-01
1.238121e-02;4.406435e-01
1.238121e-02;4.406435e-01
1.238121e-02;4.406435e-01
3.812729e-02;5.211078e-01
3.812729e-02;5.211078e-01
3.812729e-02;5.211078e-01
-2.267382e-01;2.594495e-01
-2.267382e-01;2.594495e-01
-2.804647e-02;2.766009e-01
-3.425038e-01;3.616542e-01
-3.425038e-01;3.616542e-01
-4.035370e-01;1.738537e-01
-4.035370e-01;1.738537e-01
-4.035370e-01;1.738537e-01
-4.347163e-01;-5.275109e-04
-4.347163e-01;-5.275109e-04
-4.347163e-01;-5.275109e-04
-7.354085e-01;6.635892e-01
-7.354085e-01;6.635892e-01
-7.354085e-01;6.635892e-01
-5.285414e-01;1.000000e+00
-5.285414e-01;1.000000e+00
-5.753415e-01;8.841892e-01
-5.753415e-01;8.841892e-01
-5.753415e-01;8.841892e-01
-8.126468e-01;8.937990e-01
-8.126468e-01;8.937990e-01
-8.126468e-01;8.937990e-01
-8.168848e-01;8.585482e-01
4.444444e-02;-9.792317e-18
4.444444e-02;-9.792317e-18
4.052184e-03;-9.098101e-02
4.052184e-03;-9.098101e-02
4.052184e-03;-9.098101e-02
-9.585044e-02;-9.557457e-02
-9.585044e-02;-9.557457e-02
-9.585044e-02;-9.557457e-02
-1.566836e-01;-1.058753e-01
-1.566836e-01;-1.058753e-01
-1.566836e-01;-1.058753e-01
5.869501e-02;-8.731508e-02
5.869501e-02;-8.731508e-02
4.485341e-02;-1.153110e-01
4.485341e-02;-1.153110e-01
4.485341e-02;-1.153110e-01
5.701942e-03;-1.608037e-01
5.701942e-03;-1.608037e-01
5.701942e-03;-1.608037e-01
-2.884183e-02;-1.583089e-01
-2.884183e-02;-1.583089e-01
-2.884183e-02;-1.583089e-01
-6.902631e-02;-1.621490e-01
-6.902631e-02;-1.621490e-01
-1.271020e-01;-1.445960e-01
5.659751e-02;5.099353e-02
5.659751e-02;5.099353e-02
8.903191e-02;1.033479e-01
8.903191e-02;1.033479e-01
8.903191e-02;1.033479e-01
1.714492e-01;9.204094e-02
1.714492e-01;9.204094e-02
1.714492e-01;9.204094e-02
1.893552e-01;4.241727e-02
1.893552e-01;4.241727e-02
1.893552e-01;4.241727e-02
5.834165e-02;3.033554e-01
5.834165e-02;3.033554e-01
-6.287021e-03;3.035445e-01
-6.287021e-03;3.035445e-01
-6.287021e-03;3.035445e-01
-1.970577e-02;3.612226e-01
-1.970577e-02;3.612226e-01
-1.970577e-02;3.612226e-01
-2.007966e-02;3.642217e-01
-2.007966e-02;3.642217e-01
-2.007966e-02;3.642217e-01
-2.715098e-02;3.931171e-01
-2.715098e-02;3.931171e-01
-3.313621e-03;3.847398e-01
-6.574987e-02;2.109760e-01
-6.574987e-02;2.109760e-01
-8.360523e-02;1.935085e-01
-8.360523e-02;1.935085e-01
-8.360523e-02;1.935085e-01
-8.265631e-02;1.492021e-01
-8.265631e-02;1.492021e-01
-8.265631e-02;1.492021e-01
-7.938481e-02;2.226431e-01
-7.938481e-02;2.226431e-01
-7.938481e-02;2.226431e-01
4.525628e-01;-1.022108e-01
4.525628e-01;-1.022108e-01
3.365300e-01;-1.172085e-01
3.365300e-01;-1.172085e-01
3.365300e-01;-1.172085e-01
3.350410e-01;-1.688669e-01
3.350410e-01;-1.688669e-01
3.350410e-01;-1.688669e-01
3.278408e-01;-1.586182e-01
9.090909e-02;-1.350325e-17
9.090909e-02;-1.350325e-17
-8.960379e-02;-1.998579e-01
-8.960379e-02;-1.998579e-01
-8.960379e-02;-1.998579e-01
-3.775072e-01;-1.566987e-01
-3.775072e-01;-1.566987e-01
-3.775072e-01;-1.566987e-01
-5.691581e-01;-2.037901e-01
-5.691581e-01;-2.037901e-01
-5.691581e-01;-2.037901e-01
5.178180e-03;-2.573379e-01
5.178180e-03;-2.573379e-01
-2.210163e-02;-3.184650e-01
-2.210163e-02;-3.184650e-01
-2.210163e-02;-3.184650e-01
-1.483202e-01;-3.737408e-01
-1.483202e-01;-3.737408e-01
-1.483202e-01;-3.737408e-01
-2.533240e-01;-3.329276e-01
-2.533240e-01;-3.329276e-01
-2.533240e-01;-3.329276e-01
-3.634808e-01;-3.499308e-01
-3.634808e-01;-3.499308e-01
-6.868174e-01;-3.015937e-01
3.458566e-02;3.299448e-01
3.458566e-02;3.299448e-01
1.925846e-01;4.424365e-01
1.925846e-01;4.424365e-01
1.925846e-01;4.424365e-01
4.272124e-01;4.438886e-01
4.272124e-01;4.438886e-01
4.272124e-01;4.438886e-01
5.158323e-01;3.074812e-01
5.158323e-01;3.074812e-01
5.158323e-01;3.074812e-01
2.403833e-01;1.000000e+00
2.403833e-01;1.000000e+00
9.650484e-02;1.000000e+00
9.650484e-02;1.000000e+00
9.650484e-02;1.000000e+00
6.084573e-02;1.000000e+00
6.084573e-02;1.000000e+00
6.084573e-02;1.000000e+00
4.535222e-02;1.000000e+00
4.535222e-02;1.000000e+00
4.535222e-02;1.000000e+00
-5.856819e-02;1.000000e+00
-5.856819e-02;1.000000e+00
1.393693e-01;9.940257e-01
-1.388275e-01;6.418345e-01
-1.388275e-01;6.418345e-01
-2.099507e-01;6.724560e-01
-2.099507e-01;6.724560e-01
-2.099507e-01;6.724560e-01
-2.453310e-01;5.306045e-01
-2.453310e-01;5.306045e-01
-2.453310e-01;5.306045e-01
-2.481491e-01;6.757149e-01
-2.481491e-01;6.757149e-01
-2.481491e-01;6.757149e-01
7.189878e-01;-1.877851e-01
7.189878e-01;-1.877851e-01
5.979163e-01;-2.252532e-01
5.979163e-01;-2.252532e-01
5.979163e-01;-2.252532e-01
6.033534e-01;-4.299865e-01
6.033534e-01;-4.299865e-01
6.033534e-01;-4.299865e-01
6.226839e-01;-5.622827e-01
9.090909e-02;-1.350325e-17
9.090909e-02;-1.350325e-17
-8.960379e-02;-1.998579e-01
-8.960379e-02;-1.998579e-01
-8.960379e-02;-1.998579e-01
-3.775072e-01;-1.566987e-01
-3.775072e-01;-1.566987e-01
-3.775072e-01;-1.566987e-01
-5.691581e-01;-2.037901e-01
-5.691581e-01;-2.037901e-01
-5.691581e-01;-2.037901e-01
5.178180e-03;-2.573379e-01
5.178180e-03;-2.573379e-01
-2.210163e-02;-3.184650e-01
-2.210163e-02;-3.184650e-01
-2.210163e-02;-3.184650e-01
-1.483202e-01;-3.737408e-01
-1.483202e-01;-3.737408e-01
-1.483202e-01;-3.737408e-01
-2.533240e-01;-3.329276e-01
-2.533240e-01;-3.329276e-01
-2.533240e-01;-3.329276e-01
-3.634808e-01;-3.499308e-01
-3.634808e-01;-3.499308e-01
-6.868174e-01;-3.015937e-01
3.458566e-02;3.299448e-01
3.458566e-02;3.299448e-01
1.925846e-01;4.424365e-01
1.925846e-01;4.424365e-01
1.925846e-01;4.424365e-01
4.272124e-01;4.438886e-01
4.272124e-01;4.438886e-01
4.272124e-01;4.438886e-01
5.158323e-01;3.074812e-01
5.158323e-01;3.074812e-01
5.158323e-01;3.074812e-01
2.403833e-01;1.000000e+00
2.403833e-01;1.000000e+00
9.650484e-02;1.000000e+00
9.650484e-02;1.000000e+00
9.650484e-02;1.000000e+00
6.084573e-02;1.000000e+00
6.084573e-02;1.000000e+00
6.084573e-02;1.000000e+00
4.535222e-02;1.000000e+00
4.535222e-02;1.000000e+00
4.535222e-02;1.000000e+00
-5.856819e-02;1.000000e+00
-5.856819e-02;1.000000e+00
1.393693e-01;9.940257e-01
-1.388275e-01;6.418345e-01
-1.388275e-01;6.418345e-01
-2.099507e-01;6.724560e-01
-2.099507e-01;6.724560e-01
-2.099507e-01;6.724560e-01
-2.453310e-01;5.306045e-01
-2.453310e-01;5.306045e-01
-2.453310e-01;5.306045e-01
-2.481491e-01;6.757149e-01
-2.481491e-01;6.757149e-01
-2.481491e-01;6.757149e-01
7.189878e-01;-1.877851e-01
7.189878e-01;-1.877851e-01
5.979163e-01;-2.252532e-01
5.979163e-01;-2.252532e-01
5.979163e-01;-2.252532e-01
6.033534e-01;-4.299865e-01
6.033534e-01;-4.299865e-01
6.033534e-01;-4.299865e-01
6.226839e-01;-5.622827e-01
6.250000e-02;-2.562660e-18
6.250000e-02;-2.562660e-18
-2.914077e-02;-7.258361e-02
-2.914077e-02;-7.258361e-02
-2.914077e-02;-7.258361e-02
-1.763069e-01;-8.498921e-02
-1.763069e-01;-8.498921e-02
-1.763069e-01;-8.498921e-02
-2.500509e-01;-1.277252e-01
-2.500509e-01;-1.277252e-01
-2.500509e-01;-1.277252e-01
9.379803e-02;-8.528738e-02
9.379803e-02;-8.528738e-02
7.582086e-02;-1.314313e-01
7.582086e-02;-1.314313e-01
7.582086e-02;-1.314313e-01
2.644338e-02;-1.815299e-01
2.644338e-02;-1.815299e-01
2.644338e-02;-1.815299e-01
-4.788265e-02;-1.729317e-01
-4.788265e-02;-1.729317e-01
-4.788265e-02;-1.729317e-01
-1.253588e-01;-2.002422e-01
-1.253588e-01;-2.002422e-01
-3.065578e-01;-2.076957e-01
2.215333e-01;7.103122e-02
2.215333e-01;7.103122e-02
2.946174e-01;7.008492e-02
2.946174e-01;7.008492e-02
2.946174e-01;7.008492e-02
4.112814e-01;8.496440e-02
4.112814e-01;8.496440e-02
4.112814e-01;8.496440e-02
4.102206e-01;5.109887e-02
4.102206e-01;5.109887e-02
4.102206e-01;5.109887e-02
2.843840e-01;4.694668e-01
2.843840e-01;4.694668e-01
2.065135e-01;5.066889e-01
2.065135e-01;5.066889e-01
2.065135e-01;5.066889e-01
1.462512e-01;5.871385e-01
1.462512e-01;5.871385e-01
1.462512e-01;5.871385e-01
1.530476e-01;6.083923e-01
1.530476e-01;6.083923e-01
1.530476e-01;6.083923e-01
1.382462e-01;7.091903e-01
1.382462e-01;7.091903e-01
2.578483e-01;7.296251e-01
3.466975e-02;5.912461e-01
3.466975e-02;5.912461e-01
-1.407088e-02;6.374297e-01
-1.407088e-02;6.374297e-01
-1.407088e-02;6.374297e-01
-4.354698e-02;5.600743e-01
-4.354698e-02;5.600743e-01
-4.354698e-02;5.600743e-01
-3.976468e-02;6.573398e-01
-3.976468e-02;6.573398e-01
-3.976468e-02;6.573398e-01
3.893606e-01;2.178767e-02
3.893606e-01;2.178767e-02
2.734631e-01;-1.075253e-02
2.734631e-01;-1.075253e-02
2.734631e-01;-1.075253e-02
2.784217e-01;-1.371216e-01
2.784217e-01;-1.371216e-01
2.784217e-01;-1.371216e-01
2.725214e-01;-1.790149e-01
6.250000e-02;-1.276402e-17
6.250000e-02;-1.276402e-17
-5.341990e-03;-5.790085e-02
-5.341990e-03;-5.790085e-02
-5.341990e-03;-5.790085e-02
-8.578777e-02;-7.128404e-02
-8.578777e-02;-7.128404e-02
-8.578777e-02;-7.128404e-02
-1.383191e-01;-9.836864e-02
-1.383191e-01;-9.836864e-02
-1.383191e-01;-9.836864e-02
9.819308e-02;-3.697027e-02
9.819308e-02;-3.697027e-02
8.023728e-02;-6.059132e-02
8.023728e-02;-6.059132e-02
8.023728e-02;-6.059132e-02
5.494164e-02;-1.158666e-01
5.494164e-02;-1.158666e-01
5.494164e-02;-1.158666e-01
-4.678309e-03;-1.387978e-01
-4.678309e-03;-1.387978e-01
-4.678309e-03;-1.387978e-01
-6.129429e-02;-1.740807e-01
-6.129429e-02;-1.740807e-01
-2.028332e-01;-1.667337e-01
5.980608e-02;7.504941e-02
5.980608e-02;7.504941e-02
1.111235e-01;7.315596e-02
1.111235e-01;7.315596e-02
1.111235e-01;7.315596e-02
1.657703e-01;9.483124e-02
1.657703e-01;9.483124e-02
1.657703e-01;9.483124e-02
1.510616e-01;6.032410e-02
1.510616e-01;6.032410e-02
1.510616e-01;6.032410e-02
6.600100e-02;2.834825e-01
6.600100e-02;2.834825e-01
5.496259e-03;2.899706e-01
5.496259e-03;2.899706e-01
5.496259e-03;2.899706e-01
-3.402787e-02;3.562422e-01
-3.402787e-02;3.562422e-01
-3.402787e-02;3.562422e-01
-1.162463e-02;3.913878e-01
-1.162463e-02;3.913878e-01
-1.162463e-02;3.913878e-01
-9.202414e-03;4.648697e-01
-9.202414e-03;4.648697e-01
9.043478e-02;4.572698e-01
3.940737e-02;3.370191e-01
3.940737e-02;3.370191e-01
-3.703778e-02;4.834509e-01
-3.703778e-02;4.834509e-01
-3.703778e-02;4.834509e-01
-4.885654e-02;4.053468e-01
-4.885654e-02;4.053468e-01
-4.885654e-02;4.053468e-01
-4.361107e-02;4.921052e-01
-4.361107e-02;4.921052e-01
-4.361107e-02;4.921052e-01
2.724407e-01;1.852639e-01
2.724407e-01;1.852639e-01
2.787397e-01;1.592991e-01
2.787397e-01;1.592991e-01
2.787397e-01;1.592991e-01
2.626181e-01;5.416214e-02
2.626181e-01;5.416214e-02
2.626181e-01;5.416214e-02
2.097270e-01;9.894695e-02
