-1.000000e+00;1.000000e+00
-1.000000e+00;1.000000e+00
-1.000000e+00;1.000000e+00
-1.000000e+00;1.000000e+00
-1.000000e+00;1.000000e+00
-1.000000e+00;1.000000e+00
-1.000000e+00;9.257850e-01
-1.000000e+00;9.257850e-01
-1.000000e+00;9.257850e-01
-1.000000e+00;9.257850e-01
-1.000000e+00;9.257850e-01
-1.000000e+00;9.257850e-01
-1.000000e+00;9.422200e-01
-1.000000e+00;9.422200e-01
-1.000000e+00;9.422200e-01
-1.000000e+00;9.422200e-01
-1.000000e+00;9.422200e-01
-1.000000e+00;9.422200e-01
-9.248950e-01;8.468147e-01
-9.248950e-01;8.468147e-01
-9.248950e-01;8.468147e-01
-9.248950e-01;8.468147e-01
-9.357833e-01;8.597947e-01
-9.357833e-01;8.597947e-01
-9.357833e-01;8.597947e-01
-9.357833e-01;8.597947e-01
-9.357833e-01;8.597947e-01
-9.357833e-01;8.597947e-01
-9.415018e-01;8.617701e-01
-9.415018e-01;8.617701e-01
-9.415018e-01;8.617701e-01
-9.415018e-01;8.617701e-01
-9.415018e-01;8.617701e-01
-9.415018e-01;8.617701e-01
-9.477392e-01;8.686586e-01
-9.477392e-01;8.686586e-01
-9.477392e-01;8.686586e-01
-9.477392e-01;8.686586e-01
-9.477392e-01;8.686586e-01
-9.477392e-01;8.686586e-01
-9.556350e-01;8.728313e-01
-9.556350e-01;8.728313e-01
-9.556350e-01;8.728313e-01
-9.556350e-01;8.728313e-01
-9.852661e-01;8.035460e-01
-9.852661e-01;8.035460e-01
-1.000000e+00;8.652676e-01
-1.000000e+00;8.652676e-01
-1.000000e+00;8.652676e-01
-1.000000e+00;8.652676e-01
-1.385609e-01;-1.279426e-01
-1.385609e-01;-1.279426e-01
-1.385609e-01;-1.279426e-01
-1.385609e-01;-1.279426e-01
-1.385609e-01;-1.279426e-01
-1.385609e-01;-1.279426e-01
-2.287217e-02;-5.209485e-02
-2.287217e-02;-5.209485e-02
-2.287217e-02;-5.209485e-02
-2.287217e-02;-5.209485e-02
-2.287217e-02;-5.209485e-02
-2.287217e-02;-5.209485e-02
1.370783e-02;-5.947328e-02
1.370783e-02;-5.947328e-02
1.370783e-02;-5.947328e-02
1.370783e-02;-5.947328e-02
1.370783e-02;-5.947328e-02
1.370783e-02;-5.947328e-02
-3.780571e-02;3.442627e-02
-3.780571e-02;3.442627e-02
-3.780571e-02;3.442627e-02
-3.780571e-02;3.442627e-02
-3.726745e-02;1.698392e-02
-3.726745e-02;1.698392e-02
-3.726745e-02;1.698392e-02
-3.726745e-02;1.698392e-02
-3.726745e-02;1.698392e-02
-3.726745e-02;1.698392e-02
-1.052279e-01;-1.132553e-02
-1.052279e-01;-1.132553e-02
-1.052279e-01;-1.132553e-02
-1.052279e-01;-1.132553e-02
-1.052279e-01;-1.132553e-02
-1.052279e-01;-1.132553e-02
-1.059300e-01;-1.397755e-02
-1.059300e-01;-1.397755e-02
-1.059300e-01;-1.397755e-02
-1.059300e-01;-1.397755e-02
-1.059300e-01;-1.397755e-02
-1.059300e-01;-1.397755e-02
-1.145158e-01;-5.579610e-03
-1.145158e-01;-5.579610e-03
-1.145158e-01;-5.579610e-03
-1.145158e-01;-5.579610e-03
-9.628231e-02;7.323349e-02
-9.628231e-02;7.323349e-02
-7.231738e-02;-2.869667e-02
-7.231738e-02;-2.869667e-02
-7.231738e-02;-2.869667e-02
-7.231738e-02;-2.869667e-02
-7.835440e-02;-1.908429e-02
-7.835440e-02;-1.908429e-02
-7.835440e-02;-1.908429e-02
-7.835440e-02;-1.908429e-02
-7.835440e-02;-1.908429e-02
-7.835440e-02;-1.908429e-02
-8.902521e-02;-9.777214e-02
-8.902521e-02;-9.777214e-02
-8.902521e-02;-9.777214e-02
-8.902521e-02;-9.777214e-02
-8.902521e-02;-9.777214e-02
-8.902521e-02;-9.777214e-02
-1.057280e-01;-8.440446e-02
-1.057280e-01;-8.440446e-02
-1.057280e-01;-8.440446e-02
-1.057280e-01;-8.440446e-02
-1.057280e-01;-8.440446e-02
-1.057280e-01;-8.440446e-02
-9.544886e-02;-1.709709e-02
-9.544886e-02;-1.709709e-02
-9.544886e-02;-1.709709e-02
-9.544886e-02;-1.709709e-02
-1.767015e-01;-1.744274e-01
-1.767015e-01;-1.744274e-01
-1.767015e-01;-1.744274e-01
-1.767015e-01;-1.744274e-01
-1.767015e-01;-1.744274e-01
-1.767015e-01;-1.744274e-01
-1.204722e-01;-1.621169e-01
-1.204722e-01;-1.621169e-01
-1.204722e-01;-1.621169e-01
-1.204722e-01;-1.621169e-01
-1.204722e-01;-1.621169e-01
-1.204722e-01;-1.621169e-01
-1.353037e-01;-1.609445e-01
-1.353037e-01;-1.609445e-01
-1.000000e+00;1.000000e+00
-1.000000e+00;1.000000e+00
-1.000000e+00;1.000000e+00
-1.000000e+00;1.000000e+00
-1.000000e+00;1.000000e+00
-1.000000e+00;1.000000e+00
-1.000000e+00;9.257850e-01
-1.000000e+00;9.257850e-01
-1.000000e+00;9.257850e-01
-1.000000e+00;9.257850e-01
-1.000000e+00;9.257850e-01
-1.000000e+00;9.257850e-01
-1.000000e+00;9.422200e-01
-1.000000e+00;9.422200e-01
-1.000000e+00;9.422200e-01
-1.000000e+00;9.422200e-01
-1.000000e+00;9.422200e-01
-1.000000e+00;9.422200e-01
-9.248950e-01;8.468147e-01
-9.248950e-01;8.468147e-01
-9.248950e-01;8.468147e-01
-9.248950e-01;8.468147e-01
-9.357833e-01;8.597947e-01
-9.357833e-01;8.597947e-01
-9.357833e-01;8.597947e-01
-9.357833e-01;8.597947e-01
-9.357833e-01;8.597947e-01
-9.357833e-01;8.597947e-01
-9.415018e-01;8.617701e-01
-9.415018e-01;8.617701e-01
-9.415018e-01;8.617701e-01
-9.415018e-01;8.617701e-01
-9.415018e-01;8.617701e-01
-9.415018e-01;8.617701e-01
-9.477392e-01;8.686586e-01
-9.477392e-01;8.686586e-01
-9.477392e-01;8.686586e-01
-9.477392e-01;8.686586e-01
-9.477392e-01;8.686586e-01
-9.477392e-01;8.686586e-01
-9.556350e-01;8.728313e-01
-9.556350e-01;8.728313e-01
-9.556350e-01;8.728313e-01
-9.556350e-01;8.728313e-01
-9.852661e-01;8.035460e-01
-9.852661e-01;8.035460e-01
-1.000000e+00;8.652676e-01
-1.000000e+00;8.652676e-01
-1.000000e+00;8.652676e-01
-1.000000e+00;8.652676e-01
-1.385609e-01;-1.279426e-01
-1.385609e-01;-1.279426e-01
-1.385609e-01;-1.279426e-01
-1.385609e-01;-1.279426e-01
-1.385609e-01;-1.279426e-01
-1.385609e-01;-1.279426e-01
-2.287217e-02;-5.209485e-02
-2.287217e-02;-5.209485e-02
-2.287217e-02;-5.209485e-02
-2.287217e-02;-5.209485e-02
-2.287217e-02;-5.209485e-02
-2.287217e-02;-5.209485e-02
1.370783e-02;-5.947328e-02
1.370783e-02;-5.947328e-02
1.370783e-02;-5.947328e-02
1.370783e-02;-5.947328e-02
1.370783e-02;-5.947328e-02
1.370783e-02;-5.947328e-02
-3.780571e-02;3.442627e-02
-3.780571e-02;3.442627e-02
-3.780571e-02;3.442627e-02
-3.780571e-02;3.442627e-02
-3.726745e-02;1.698392e-02
-3.726745e-02;1.698392e-02
-3.726745e-02;1.698392e-02
-3.726745e-02;1.698392e-02
-3.726745e-02;1.698392e-02
-3.726745e-02;1.698392e-02
-1.052279e-01;-1.132553e-02
-1.052279e-01;-1.132553e-02
-1.052279e-01;-1.132553e-02
-1.052279e-01;-1.132553e-02
-1.052279e-01;-1.132553e-02
-1.052279e-01;-1.132553e-02
-1.059300e-01;-1.397755e-02
-1.059300e-01;-1.397755e-02
-1.059300e-01;-1.397755e-02
-1.059300e-01;-1.397755e-02
-1.059300e-01;-1.397755e-02
-1.059300e-01;-1.397755e-02
-1.145158e-01;-5.579610e-03
-1.145158e-01;-5.579610e-03
-1.145158e-01;-5.579610e-03
-1.145158e-01;-5.579610e-03
-9.628231e-02;7.323349e-02
-9.628231e-02;7.323349e-02
-7.231738e-02;-2.869667e-02
-7.231738e-02;-2.869667e-02
-7.231738e-02;-2.869667e-02
-7.231738e-02;-2.869667e-02
-7.835440e-02;-1.908429e-02
-7.835440e-02;-1.908429e-02
-7.835440e-02;-1.908429e-02
-7.835440e-02;-1.908429e-02
-7.835440e-02;-1.908429e-02
-7.835440e-02;-1.908429e-02
-8.902521e-02;-9.777214e-02
-8.902521e-02;-9.777214e-02
-8.902521e-02;-9.777214e-02
-8.902521e-02;-9.777214e-02
-8.902521e-02;-9.777214e-02
-8.902521e-02;-9.777214e-02
-1.057280e-01;-8.440446e-02
-1.057280e-01;-8.440446e-02
-1.057280e-01;-8.440446e-02
-1.057280e-01;-8.440446e-02
-1.057280e-01;-8.440446e-02
-1.057280e-01;-8.440446e-02
-9.544886e-02;-1.709709e-02
-9.544886e-02;-1.709709e-02
-9.544886e-02;-1.709709e-02
-9.544886e-02;-1.709709e-02
-1.767015e-01;-1.744274e-01
-1.767015e-01;-1.744274e-01
-1.767015e-01;-1.744274e-01
-1.767015e-01;-1.744274e-01
-1.767015e-01;-1.744274e-01
-1.767015e-01;-1.744274e-01
-1.204722e-01;-1.621169e-01
-1.204722e-01;-1.621169e-01
-1.204722e-01;-1.621169e-01
-1.204722e-01;-1.621169e-01
-1.204722e-01;-1.621169e-01
-1.204722e-01;-1.621169e-01
-1.353037e-01;-1.609445e-01
-1.353037e-01;-1.609445e-01
-1.000000e+00;1.000000e+00
-1.000000e+00;1.000000e+00
-1.000000e+00;1.000000e+00
-1.000000e+00;1.000000e+00
-1.000000e+00;1.000000e+00
-1.000000e+00;1.000000e+00
-1.000000e+00;9.257850e-01
-1.000000e+00;9.257850e-01
-1.000000e+00;9.257850e-01
-1.000000e+00;9.257850e-01
-1.000000e+00;9.257850e-01
-1.000000e+00;9.257850e-01
-1.000000e+00;9.422200e-01
-1.000000e+00;9.422200e-01
-1.000000e+00;9.422200e-01
-1.000000e+00;9.422200e-01
-1.000000e+00;9.422200e-01
-1.000000e+00;9.422200e-01
-9.248950e-01;8.468147e-01
-9.248950e-01;8.468147e-01
-9.248950e-01;8.468147e-01
-9.248950e-01;8.468147e-01
-9.357833e-01;8.597947e-01
-9.357833e-01;8.597947e-01
-9.357833e-01;8.597947e-01
-9.357833e-01;8.597947e-01
-9.357833e-01;8.597947e-01
-9.357833e-01;8.597947e-01
-9.415018e-01;8.617701e-01
-9.415018e-01;8.617701e-01
-9.415018e-01;8.617701e-01
-9.415018e-01;8.617701e-01
-9.415018e-01;8.617701e-01
-9.415018e-01;8.617701e-01
-9.477392e-01;8.686586e-01
-9.477392e-01;8.686586e-01
-9.477392e-01;8.686586e-01
-9.477392e-01;8.686586e-01
-9.477392e-01;8.686586e-01
-9.477392e-01;8.686586e-01
-9.556350e-01;8.728313e-01
-9.556350e-01;8.728313e-01
-9.556350e-01;8.728313e-01
-9.556350e-01;8.728313e-01
-9.852661e-01;8.035460e-01
-9.852661e-01;8.035460e-01
-1.000000e+00;8.652676e-01
-1.000000e+00;8.652676e-01
-1.000000e+00;8.652676e-01
-1.000000e+00;8.652676e-01
-1.385609e-01;-1.279426e-01
-1.385609e-01;-1.279426e-01
-1.385609e-01;-1.279426e-01
-1.385609e-01;-1.279426e-01
-1.385609e-01;-1.279426e-01
-1.385609e-01;-1.279426e-01
-2.287217e-02;-5.209485e-02
-2.287217e-02;-5.209485e-02
-2.287217e-02;-5.209485e-02
-2.287217e-02;-5.209485e-02
-2.287217e-02;-5.209485e-02
-2.287217e-02;-5.209485e-02
1.370783e-02;-5.947328e-02
1.370783e-02;-5.947328e-02
1.370783e-02;-5.947328e-02
1.370783e-02;-5.947328e-02
1.370783e-02;-5.947328e-02
1.370783e-02;-5.947328e-02
-3.780571e-02;3.442627e-02
-3.780571e-02;3.442627e-02
-3.780571e-02;3.442627e-02
-3.780571e-02;3.442627e-02
-3.726745e-02;1.698392e-02
-3.726745e-02;1.698392e-02
-3.726745e-02;1.698392e-02
-3.726745e-02;1.698392e-02
-3.726745e-02;1.698392e-02
-3.726745e-02;1.698392e-02
-1.052279e-01;-1.132553e-02
-1.052279e-01;-1.132553e-02
-1.052279e-01;-1.132553e-02
-1.052279e-01;-1.132553e-02
-1.052279e-01;-1.132553e-02
-1.052279e-01;-1.132553e-02
-1.059300e-01;-1.397755e-02
-1.059300e-01;-1.397755e-02
-1.059300e-01;-1.397755e-02
-1.059300e-01;-1.397755e-02
-1.059300e-01;-1.397755e-02
-1.059300e-01;-1.397755e-02
-1.145158e-01;-5.579610e-03
-1.145158e-01;-5.579610e-03
-1.145158e-01;-5.579610e-03
-1.145158e-01;-5.579610e-03
-9.628231e-02;7.323349e-02
-9.628231e-02;7.323349e-02
-7.231738e-02;-2.869667e-02
-7.231738e-02;-2.869667e-02
-7.231738e-02;-2.869667e-02
-7.231738e-02;-2.869667e-02
-7.835440e-02;-1.908429e-02
-7.835440e-02;-1.908429e-02
-7.835440e-02;-1.908429e-02
-7.835440e-02;-1.908429e-02
-7.835440e-02;-1.908429e-02
-7.835440e-02;-1.908429e-02
-8.902521e-02;-9.777214e-02
-8.902521e-02;-9.777214e-02
-8.902521e-02;-9.777214e-02
-8.902521e-02;-9.777214e-02
-8.902521e-02;-9.777214e-02
-8.902521e-02;-9.777214e-02
-1.057280e-01;-8.440446e-02
-1.057280e-01;-8.440446e-02
-1.057280e-01;-8.440446e-02
-1.057280e-01;-8.440446e-02
-1.057280e-01;-8.440446e-02
-1.057280e-01;-8.440446e-02
-9.544886e-02;-1.709709e-02
-9.544886e-02;-1.709709e-02
-9.544886e-02;-1.709709e-02
-9.544886e-02;-1.709709e-02
-1.767015e-01;-1.744274e-01
-1.767015e-01;-1.744274e-01
-1.767015e-01;-1.744274e-01
-1.767015e-01;-1.744274e-01
-1.767015e-01;-1.744274e-01
-1.767015e-01;-1.744274e-01
-1.204722e-01;-1.621169e-01
-1.204722e-01;-1.621169e-01
-1.204722e-01;-1.621169e-01
-1.204722e-01;-1.621169e-01
-1.204722e-01;-1.621169e-01
-1.204722e-01;-1.621169e-01
-1.353037e-01;-1.609445e-01
-1.353037e-01;-1.609445e-01
-1.000000e+00;1.000000e+00
-1.000000e+00;1.000000e+00
-1.000000e+00;1.000000e+00
-1.000000e+00;1.000000e+00
-1.000000e+00;1.000000e+00
-1.000000e+00;1.000000e+00
-1.000000e+00;9.257850e-01
-1.000000e+00;9.257850e-01
-1.000000e+00;9.257850e-01
-1.000000e+00;9.257850e-01
-1.000000e+00;9.257850e-01
-1.000000e+00;9.257850e-01
-1.000000e+00;9.422200e-01
-1.000000e+00;9.422200e-01
-1.000000e+00;9.422200e-01
-1.000000e+00;9.422200e-01
-1.000000e+00;9.422200e-01
-1.000000e+00;9.422200e-01
-9.248950e-01;8.468147e-01
-9.248950e-01;8.468147e-01
-9.248950e-01;8.468147e-01
-9.248950e-01;8.468147e-01
-9.357833e-01;8.597947e-01
-9.357833e-01;8.597947e-01
-9.357833e-01;8.597947e-01
-9.357833e-01;8.597947e-01
-9.357833e-01;8.597947e-01
-9.357833e-01;8.597947e-01
-9.415018e-01;8.617701e-01
-9.415018e-01;8.617701e-01
-9.415018e-01;8.617701e-01
-9.415018e-01;8.617701e-01
-9.415018e-01;8.617701e-01
-9.415018e-01;8.617701e-01
-9.477392e-01;8.686586e-01
-9.477392e-01;8.686586e-01
-9.477392e-01;8.686586e-01
-9.477392e-01;8.686586e-01
-9.477392e-01;8.686586e-01
-9.477392e-01;8.686586e-01
-9.556350e-01;8.728313e-01
-9.556350e-01;8.728313e-01
-9.556350e-01;8.728313e-01
-9.556350e-01;8.728313e-01
-9.852661e-01;8.035460e-01
-9.852661e-01;8.035460e-01
-1.000000e+00;8.652676e-01
-1.000000e+00;8.652676e-01
-1.000000e+00;8.652676e-01
-1.000000e+00;8.652676e-01
-1.385609e-01;-1.279426e-01
-1.385609e-01;-1.279426e-01
-1.385609e-01;-1.279426e-01
-1.385609e-01;-1.279426e-01
-1.385609e-01;-1.279426e-01
-1.385609e-01;-1.279426e-01
-2.287217e-02;-5.209485e-02
-2.287217e-02;-5.209485e-02
-2.287217e-02;-5.209485e-02
-2.287217e-02;-5.209485e-02
-2.287217e-02;-5.209485e-02
-2.287217e-02;-5.209485e-02
1.370783e-02;-5.947328e-02
1.370783e-02;-5.947328e-02
1.370783e-02;-5.947328e-02
1.370783e-02;-5.947328e-02
1.370783e-02;-5.947328e-02
1.370783e-02;-5.947328e-02
-3.780571e-02;3.442627e-02
-3.780571e-02;3.442627e-02
-3.780571e-02;3.442627e-02
-3.780571e-02;3.442627e-02
-3.726745e-02;1.698392e-02
-3.726745e-02;1.698392e-02
-3.726745e-02;1.698392e-02
-3.726745e-02;1.698392e-02
-3.726745e-02;1.698392e-02
-3.726745e-02;1.698392e-02
-1.052279e-01;-1.132553e-02
-1.052279e-01;-1.132553e-02
-1.052279e-01;-1.132553e-02
-1.052279e-01;-1.132553e-02
-1.052279e-01;-1.132553e-02
-1.052279e-01;-1.132553e-02
-1.059300e-01;-1.397755e-02
-1.059300e-01;-1.397755e-02
-1.059300e-01;-1.397755e-02
-1.059300e-01;-1.397755e-02
-1.059300e-01;-1.397755e-02
-1.059300e-01;-1.397755e-02
-1.145158e-01;-5.579610e-03
-1.145158e-01;-5.579610e-03
-1.145158e-01;-5.579610e-03
-1.145158e-01;-5.579610e-03
-9.628231e-02;7.323349e-02
-9.628231e-02;7.323349e-02
-7.231738e-02;-2.869667e-02
-7.231738e-02;-2.869667e-02
-7.231738e-02;-2.869667e-02
-7.231738e-02;-2.869667e-02
-7.835440e-02;-1.908429e-02
-7.835440e-02;-1.908429e-02
-7.835440e-02;-1.908429e-02
-7.835440e-02;-1.908429e-02
-7.835440e-02;-1.908429e-02
-7.835440e-02;-1.908429e-02
-8.902521e-02;-9.777214e-02
-8.902521e-02;-9.777214e-02
-8.902521e-02;-9.777214e-02
-8.902521e-02;-9.777214e-02
-8.902521e-02;-9.777214e-02
-8.902521e-02;-9.777214e-02
-1.057280e-01;-8.440446e-02
-1.057280e-01;-8.440446e-02
-1.057280e-01;-8.440446e-02
-1.057280e-01;-8.440446e-02
-1.057280e-01;-8.440446e-02
-1.057280e-01;-8.440446e-02
-9.544886e-02;-1.709709e-02
-9.544886e-02;-1.709709e-02
-9.544886e-02;-1.709709e-02
-9.544886e-02;-1.709709e-02
-1.767015e-01;-1.744274e-01
-1.767015e-01;-1.744274e-01
-1.767015e-01;-1.744274e-01
-1.767015e-01;-1.744274e-01
-1.767015e-01;-1.744274e-01
-1.767015e-01;-1.744274e-01
-1.204722e-01;-1.621169e-01
-1.204722e-01;-1.621169e-01
-1.204722e-01;-1.621169e-01
-1.204722e-01;-1.621169e-01
-1.204722e-01;-1.621169e-01
-1.204722e-01;-1.621169e-01
-1.353037e-01;-1.609445e-01
-1.353037e-01;-1.609445e-01
1.333333e-01;-1.781344e-17
1.333333e-01;-1.781344e-17
-1.000000e+00;1.000000e+00
-1.000000e+00;1.000000e+00
-1.000000e+00;1.000000e+00
-1.000000e+00;9.257850e-01
-1.000000e+00;9.257850e-01
-1.000000e+00;9.257850e-01
-1.000000e+00;9.422200e-01
-1.000000e+00;9.422200e-01
-1.000000e+00;9.422200e-01
-9.248950e-01;8.468147e-01
-9.248950e-01;8.468147e-01
-9.357833e-01;8.597947e-01
-9.357833e-01;8.597947e-01
-9.357833e-01;8.597947e-01
-9.415018e-01;8.617701e-01
-9.415018e-01;8.617701e-01
-9.415018e-01;8.617701e-01
-9.477392e-01;8.686586e-01
-9.477392e-01;8.686586e-01
-9.477392e-01;8.686586e-01
-9.556350e-01;8.728313e-01
-9.556350e-01;8.728313e-01
-9.852661e-01;8.035460e-01
-1.000000e+00;8.652676e-01
-1.000000e+00;8.652676e-01
-1.385609e-01;-1.279426e-01
-1.385609e-01;-1.279426e-01
-1.385609e-01;-1.279426e-01
-2.287217e-02;-5.209485e-02
-2.287217e-02;-5.209485e-02
-2.287217e-02;-5.209485e-02
1.370783e-02;-5.947328e-02
1.370783e-02;-5.947328e-02
1.370783e-02;-5.947328e-02
-3.780571e-02;3.442627e-02
-3.780571e-02;3.442627e-02
-3.726745e-02;1.698392e-02
-3.726745e-02;1.698392e-02
-3.726745e-02;1.698392e-02
-1.052279e-01;-1.132553e-02
-1.052279e-01;-1.132553e-02
-1.052279e-01;-1.132553e-02
-1.059300e-01;-1.397755e-02
-1.059300e-01;-1.397755e-02
-1.059300e-01;-1.397755e-02
-1.145158e-01;-5.579610e-03
-1.145158e-01;-5.579610e-03
-9.628231e-02;7.323349e-02
-7.231738e-02;-2.869667e-02
-7.231738e-02;-2.869667e-02
-7.835440e-02;-1.908429e-02
-7.835440e-02;-1.908429e-02
-7.835440e-02;-1.908429e-02
-8.902521e-02;-9.777214e-02
-8.902521e-02;-9.777214e-02
-8.902521e-02;-9.777214e-02
-1.057280e-01;-8.440446e-02
-1.057280e-01;-8.440446e-02
-1.057280e-01;-8.440446e-02
-9.544886e-02;-1.709709e-02
-9.544886e-02;-1.709709e-02
-1.767015e-01;-1.744274e-01
-1.767015e-01;-1.744274e-01
-1.767015e-01;-1.744274e-01
-1.204722e-01;-1.621169e-01
-1.204722e-01;-1.621169e-01
-1.204722e-01;-1.621169e-01
-1.353037e-01;-1.609445e-01
2.588235e-01;3.426079e-18
2.588235e-01;3.426079e-18
2.588235e-01;3.426079e-18
2.588235e-01;3.426079e-18
-2.433550e-03;-3.776604e-02
-2.433550e-03;-3.776604e-02
-2.433550e-03;-3.776604e-02
-2.433550e-03;-3.776604e-02
-2.433550e-03;-3.776604e-02
-2.433550e-03;-3.776604e-02
-2.433550e-03;-3.776604e-02
-1.446540e-02;-2.780401e-02
-1.446540e-02;-2.780401e-02
-1.446540e-02;-2.780401e-02
-1.446540e-02;-2.780401e-02
-1.446540e-02;-2.780401e-02
-1.446540e-02;-2.780401e-02
-1.446540e-02;-2.780401e-02
-2.698626e-02;-1.633549e-02
-2.698626e-02;-1.633549e-02
-2.698626e-02;-1.633549e-02
-2.698626e-02;-1.633549e-02
-9.752317e-02;-6.347397e-02
-9.752317e-02;-6.347397e-02
-9.752317e-02;-6.347397e-02
-2.737778e-01;-1.489009e-01
-2.737778e-01;-1.489009e-01
-2.737778e-01;-1.489009e-01
-2.737778e-01;-1.489009e-01
-5.847106e-02;-2.295265e-01
-5.847106e-02;-2.295265e-01
-5.847106e-02;-2.295265e-01
-5.847106e-02;-2.295265e-01
-5.847106e-02;-2.295265e-01
-5.847106e-02;-2.295265e-01
8.000000e-02;1.436568e-18
-9.358194e-03;-5.397195e-02
-1.063006e-01;-1.816614e-01
-1.063006e-01;-1.816614e-01
-5.346664e-01;2.718639e-01
-7.937631e-01;-1.000000e+00
-7.937631e-01;-1.000000e+00
-1.000000e+00;-1.000000e+00
-1.000000e+00;-1.000000e+00
-1.000000e+00;-1.000000e+00
-1.000000e+00;-1.000000e+00
-1.000000e+00;-1.000000e+00
-1.000000e+00;-1.000000e+00
-1.000000e+00;-1.000000e+00
-1.000000e+00;-9.971710e-01
-1.000000e+00;-9.971710e-01
-8.636831e-01;-1.000000e+00
-8.721542e-01;-9.950551e-01
-8.799441e-01;-9.920809e-01
-8.473016e-01;-1.000000e+00
-8.518100e-01;-9.970876e-01
-8.550639e-01;-9.952917e-01
-8.005538e-01;-1.000000e+00
-8.032722e-01;-9.987795e-01
-8.078056e-01;-9.955130e-01
-8.082193e-01;-1.000000e+00
-7.713906e-01;-9.883691e-01
-7.315108e-01;-9.619447e-01
-7.315108e-01;-9.619447e-01
-5.441556e-01;-1.000000e+00
-4.335740e-01;-5.574509e-01
-4.335740e-01;-5.574509e-01
-2.161789e-01;-4.386853e-01
-1.162603e-01;-3.594119e-01
-1.162603e-01;-3.594119e-01
9.475496e-02;-1.276635e-01
1.260654e-01;-4.682716e-02
1.260654e-01;-4.682716e-02
1.820857e-01;-4.302648e-02
1.857879e-01;-4.288378e-02
1.857879e-01;-4.288378e-02
5.845746e-02;-4.566695e-02
6.452045e-02;-4.879328e-02
6.784068e-02;-4.998709e-02
7.696974e-02;-6.562264e-02
5.181835e-02;-6.991263e-02
3.488274e-02;-7.542894e-02
7.047772e-02;1.191629e-01
6.889230e-02;1.197594e-01
6.770337e-02;1.110334e-01
5.621886e-02;1.201222e-01
5.327726e-02;1.230208e-01
4.933872e-02;1.261847e-01
4.933872e-02;1.261847e-01
5.199511e-02;1.241300e-01
5.447094e-02;1.222632e-01
5.447094e-02;1.222632e-01
5.295622e-02;1.232933e-01
5.724013e-02;1.211221e-01
5.724013e-02;1.211221e-01
5.656762e-02;1.215497e-01
5.416262e-02;1.157824e-01
5.416262e-02;1.157824e-01
4.045382e-02;1.265852e-01
4.327507e-02;1.245664e-01
4.327507e-02;1.245664e-01
5.883502e-02;1.156210e-01
5.898907e-02;1.154951e-01
5.794657e-02;1.165890e-01
2.442913e-02;1.411737e-01
4.995320e-02;1.458931e-01
6.489024e-02;1.503443e-01
-7.598664e-03;-1.694087e-02
-8.248232e-03;-1.598456e-02
-7.690803e-03;-7.773325e-03
-1.594108e-02;5.627562e-03
-3.685075e-02;-1.389202e-02
-5.268297e-02;-1.860564e-02
-5.268297e-02;-1.860564e-02
-5.747730e-02;-2.028757e-02
-6.087221e-02;-2.074233e-02
-6.087221e-02;-2.074233e-02
-1.023819e-01;-4.447087e-02
-1.153770e-01;-4.663670e-02
-1.153770e-01;-4.663670e-02
-1.178127e-01;-4.476744e-02
-1.152953e-01;-3.983733e-02
-1.152953e-01;-3.983733e-02
-1.074419e-01;-4.895638e-02
-1.204718e-01;-4.810458e-02
-1.204718e-01;-4.810458e-02
-1.361319e-01;-3.551221e-02
-1.432006e-01;-3.039487e-02
-1.498646e-01;-2.511677e-02
-7.958595e-02;-1.454741e-02
-8.057186e-02;-1.387186e-02
-7.985552e-02;-1.293795e-02
-6.590609e-02;-2.154095e-02
-6.541084e-02;-2.195097e-02
-6.730819e-02;-2.171051e-02
-6.883293e-02;-2.459157e-02
-4.587168e-02;-6.888196e-03
-2.365040e-02;-6.811400e-03
-2.365040e-02;-6.811400e-03
-2.992087e-02;-4.664812e-03
-2.879664e-02;-1.189697e-02
-2.879664e-02;-1.189697e-02
1.377251e-02;8.096220e-03
2.537280e-02;-1.497141e-03
2.537280e-02;-1.497141e-03
1.805771e-02;-2.789651e-02
1.423617e-02;-3.415032e-02
1.423617e-02;-3.415032e-02
1.944323e-02;-3.927428e-02
2.243230e-02;-4.777916e-02
2.243230e-02;-4.777916e-02
4.155848e-02;-5.732812e-02
4.169215e-02;-6.121967e-02
5.010581e-02;-6.759990e-02
1.662624e-01;-2.014037e-01
1.635135e-01;-2.202036e-01
1.649393e-01;-2.270018e-01
1.542829e-01;-1.845836e-01
1.524148e-01;-1.917342e-01
1.268225e-01;-2.344376e-01
3.497450e-01;-1.071291e-02
3.422041e-01;-2.179438e-02
3.363434e-01;-1.829766e-02
3.363434e-01;-1.829766e-02
3.374112e-01;-1.134142e-02
3.383611e-01;-5.950043e-03
3.383611e-01;-5.950043e-03
3.058097e-01;-3.889199e-03
2.847423e-01;1.512898e-02
2.847423e-01;1.512898e-02
2.876067e-01;4.446618e-02
2.882753e-01;4.423825e-02
2.882753e-01;4.423825e-02
2.784087e-01;5.573045e-02
2.813916e-01;6.724646e-02
6.666667e-02;8.000509e-18
-3.437291e-02;2.130791e-04
-3.318819e-01;-5.162765e-02
-3.318819e-01;-5.162765e-02
-5.183573e-01;3.349233e-03
-9.990113e-01;1.647807e-02
-9.990113e-01;1.647807e-02
-1.000000e+00;7.121316e-02
-1.000000e+00;1.807211e-01
-1.000000e+00;1.807211e-01
-1.000000e+00;1.208053e-01
-1.000000e+00;1.180717e-01
-1.000000e+00;1.180717e-01
-1.000000e+00;9.845263e-02
-1.000000e+00;1.001523e-01
-1.000000e+00;1.001523e-01
-9.041360e-01;1.463855e-01
-9.063587e-01;1.463951e-01
-9.091892e-01;1.449184e-01
-8.980815e-01;1.461314e-01
-8.989624e-01;1.461195e-01
-8.997060e-01;1.460262e-01
-8.952137e-01;1.457409e-01
-8.961742e-01;1.458142e-01
-8.968556e-01;1.457175e-01
-9.152828e-01;1.455858e-01
-8.855963e-01;1.460440e-01
-7.942835e-01;1.976410e-01
-7.942835e-01;1.976410e-01
-7.369995e-01;1.431460e-01
-5.884651e-01;1.300503e-01
-5.884651e-01;1.300503e-01
-3.920830e-01;7.556736e-02
-2.500582e-01;-3.374843e-02
-2.500582e-01;-3.374843e-02
6.103678e-03;2.667850e-02
4.565737e-02;2.918224e-02
4.565737e-02;2.918224e-02
9.385207e-02;4.886326e-02
9.625064e-02;4.741788e-02
9.625064e-02;4.741788e-02
3.182942e-03;-1.800708e-03
4.771134e-03;-1.680408e-03
5.647818e-03;1.190325e-04
-1.270769e-03;-2.925163e-03
-4.334017e-03;-2.718028e-03
-1.176705e-02;-1.719633e-03
2.634149e-02;-2.256962e-03
2.658807e-02;-3.180380e-03
2.580091e-02;-3.925814e-03
2.566933e-02;-5.062342e-03
2.658051e-02;-5.608771e-03
2.630145e-02;-5.016600e-03
2.630145e-02;-5.016600e-03
2.609044e-02;-5.634059e-03
2.567346e-02;-5.105928e-03
2.567346e-02;-5.105928e-03
2.557389e-02;-5.275958e-03
2.591809e-02;-5.410248e-03
2.591809e-02;-5.410248e-03
2.625724e-02;-5.594564e-03
2.332987e-02;-4.471048e-03
2.332987e-02;-4.471048e-03
2.316582e-02;-4.298533e-03
2.326628e-02;-4.330367e-03
2.326628e-02;-4.330367e-03
2.565276e-02;-2.871635e-03
2.563371e-02;-3.044732e-03
2.610536e-02;-3.447120e-03
2.462963e-02;-1.955311e-03
2.835605e-02;-2.013527e-03
3.302156e-02;-3.819992e-03
-7.224676e-03;-3.732391e-03
-7.656193e-03;-2.954092e-03
-7.558251e-03;-1.721953e-03
-5.911682e-03;-2.266000e-03
-2.008560e-02;-2.098250e-03
-2.995490e-02;-2.124972e-03
-2.995490e-02;-2.124972e-03
-3.339301e-02;-1.427256e-03
-3.545651e-02;-1.635559e-03
-3.545651e-02;-1.635559e-03
-5.916773e-02;-2.610024e-03
-5.998591e-02;-4.419464e-03
-5.998591e-02;-4.419464e-03
-6.022181e-02;-4.108176e-03
-5.773057e-02;-4.424627e-03
-5.773057e-02;-4.424627e-03
-6.016957e-02;-4.638745e-03
-6.479571e-02;-4.821073e-03
-6.479571e-02;-4.821073e-03
-6.533573e-02;-5.352655e-03
-6.556645e-02;-5.392299e-03
-6.546117e-02;-4.923922e-03
-3.793837e-02;-3.415300e-03
-3.806454e-02;-3.555080e-03
-3.592730e-02;-2.299142e-03
-3.181136e-02;-3.867395e-03
-3.175141e-02;-4.199260e-03
-3.319569e-02;-4.187513e-03
-3.247432e-02;-3.283966e-03
-1.866071e-02;-3.756468e-03
-8.193785e-03;-3.494076e-03
-8.193785e-03;-3.494076e-03
-1.338084e-02;-3.307962e-03
-1.296746e-02;-3.557485e-03
-1.296746e-02;-3.557485e-03
1.017623e-02;-3.299908e-03
1.122652e-02;-1.392165e-03
1.122652e-02;-1.392165e-03
8.276021e-03;1.624630e-03
6.811397e-03;1.126587e-03
6.811397e-03;1.126587e-03
9.374905e-03;4.693871e-04
1.096616e-02;9.238672e-04
1.096616e-02;9.238672e-04
1.167047e-02;2.264660e-03
1.087793e-02;1.667654e-03
1.142531e-02;2.024357e-03
-1.447003e-02;1.640146e-03
-1.767521e-02;2.962492e-03
-1.773559e-02;3.437178e-03
-1.108181e-02;1.107044e-02
-1.154626e-02;1.272375e-02
-2.275525e-02;1.402606e-02
1.003593e-01;9.396570e-03
9.615902e-02;1.025100e-02
9.478302e-02;9.899885e-03
9.478302e-02;9.899885e-03
1.022571e-01;1.158906e-02
1.023702e-01;1.129388e-02
1.023702e-01;1.129388e-02
9.468197e-02;1.085252e-02
8.678352e-02;1.229292e-02
8.678352e-02;1.229292e-02
8.922647e-02;9.458343e-03
8.807628e-02;1.020800e-02
8.807628e-02;1.020800e-02
8.688249e-02;1.154488e-02
8.799852e-02;1.174417e-02
6.666667e-02;-9.559049e-18
-3.468406e-02;1.345561e-03
-3.184961e-01;2.857755e-03
-3.184961e-01;2.857755e-03
-4.955955e-01;9.599448e-03
-9.845706e-01;1.525452e-01
-9.845706e-01;1.525452e-01
-1.000000e+00;1.833089e-01
-1.000000e+00;4.334497e-01
-1.000000e+00;4.334497e-01
-1.000000e+00;5.413442e-01
-1.000000e+00;5.607188e-01
-1.000000e+00;5.607188e-01
-1.000000e+00;4.971777e-01
-1.000000e+00;4.820994e-01
-1.000000e+00;4.820994e-01
-9.011384e-01;7.264402e-01
-9.034031e-01;7.148423e-01
-9.062927e-01;7.033047e-01
-8.951545e-01;7.518168e-01
-8.960476e-01;7.439893e-01
-8.967633e-01;7.394377e-01
-8.925077e-01;7.563236e-01
-8.934529e-01;7.512735e-01
-8.940999e-01;7.469741e-01
-9.132610e-01;7.560408e-01
-8.825924e-01;7.472267e-01
-7.930974e-01;7.428701e-01
-7.930974e-01;7.428701e-01
-7.371641e-01;7.330777e-01
-5.819314e-01;5.851094e-01
-5.819314e-01;5.851094e-01
-3.749882e-01;5.493482e-01
-2.496901e-01;2.868540e-01
-2.496901e-01;2.868540e-01
5.801093e-03;1.716954e-01
4.651171e-02;1.506272e-01
4.651171e-02;1.506272e-01
9.653335e-02;2.119924e-01
9.898343e-02;2.237637e-01
9.898343e-02;2.237637e-01
2.628878e-03;-9.000198e-03
4.300151e-03;5.617158e-04
5.227015e-03;3.934393e-03
-2.348645e-03;-2.815392e-02
-5.451075e-03;-5.265617e-02
-1.305170e-02;-9.439329e-02
2.652312e-02;1.753486e-01
2.688471e-02;1.803165e-01
2.601779e-02;1.783769e-01
2.581296e-02;1.912749e-01
2.670777e-02;1.929369e-01
2.639542e-02;1.901007e-01
2.639542e-02;1.901007e-01
2.615683e-02;1.893410e-01
2.587796e-02;1.910024e-01
2.587796e-02;1.910024e-01
2.578314e-02;1.937784e-01
2.625077e-02;1.992109e-01
2.625077e-02;1.992109e-01
2.652898e-02;1.991781e-01
2.360360e-02;1.871794e-01
2.360360e-02;1.871794e-01
2.348342e-02;1.852348e-01
2.356289e-02;1.857913e-01
2.356289e-02;1.857913e-01
2.610865e-02;1.969752e-01
2.611745e-02;1.957549e-01
2.653094e-02;1.951320e-01
2.553876e-02;1.941656e-01
2.929527e-02;2.238753e-01
3.425500e-02;2.576516e-01
-7.330439e-03;-1.956792e-02
-7.868120e-03;-2.813686e-02
-7.655221e-03;-2.591213e-02
-5.793287e-03;-2.389616e-02
-2.034842e-02;-9.831818e-02
-3.042175e-02;-1.508571e-01
-3.042175e-02;-1.508571e-01
-3.402091e-02;-1.701758e-01
-3.628869e-02;-1.791815e-01
-3.628869e-02;-1.791815e-01
-6.065941e-02;-3.234355e-01
-6.173068e-02;-3.281992e-01
-6.173068e-02;-3.281992e-01
-6.193796e-02;-3.255445e-01
-5.940736e-02;-3.160831e-01
-5.940736e-02;-3.160831e-01
-6.190623e-02;-3.360324e-01
-6.671007e-02;-3.774032e-01
-6.671007e-02;-3.774032e-01
-6.710960e-02;-3.858858e-01
-6.741786e-02;-3.927323e-01
-6.719801e-02;-3.918929e-01
-3.907609e-02;-2.605621e-01
-3.912600e-02;-2.616081e-01
-3.716327e-02;-2.558163e-01
-3.328572e-02;-2.287787e-01
-3.325971e-02;-2.242519e-01
-3.462042e-02;-2.320522e-01
-3.403325e-02;-2.366710e-01
-1.985997e-02;-1.621584e-01
-9.162578e-03;-1.079027e-01
-9.162578e-03;-1.079027e-01
-1.415503e-02;-1.114232e-01
-1.365706e-02;-9.699657e-02
-1.365706e-02;-9.699657e-02
1.008745e-02;5.093279e-02
1.127551e-02;6.083381e-02
1.127551e-02;6.083381e-02
8.205878e-03;6.525225e-02
6.632262e-03;6.811718e-02
6.632262e-03;6.811718e-02
9.257866e-03;8.914308e-02
1.128448e-02;1.320877e-01
1.128448e-02;1.320877e-01
1.186182e-02;1.216391e-01
1.092928e-02;1.296470e-01
1.146614e-02;1.362807e-01
-1.533331e-02;-9.188089e-03
-1.821435e-02;-2.552031e-03
-1.815632e-02;2.260858e-03
-1.296087e-02;-2.695096e-02
-1.343518e-02;-2.299315e-02
-2.518855e-02;-8.228794e-02
1.015851e-01;7.496469e-01
9.723379e-02;7.320828e-01
9.569625e-02;7.304292e-01
9.569625e-02;7.304292e-01
1.032446e-01;7.518340e-01
1.033761e-01;7.445819e-01
1.033761e-01;7.445819e-01
9.555098e-02;6.990747e-01
8.749455e-02;5.929221e-01
8.749455e-02;5.929221e-01
9.002701e-02;5.741852e-01
8.881602e-02;5.511156e-01
8.881602e-02;5.511156e-01
8.758950e-02;5.453453e-01
8.844498e-02;5.277703e-01
6.666667e-02;-9.559049e-18
-3.468406e-02;1.345561e-03
-3.184961e-01;2.857755e-03
-3.184961e-01;2.857755e-03
-4.955955e-01;9.599448e-03
-9.845706e-01;1.525452e-01
-9.845706e-01;1.525452e-01
-1.000000e+00;1.833089e-01
-1.000000e+00;4.334497e-01
-1.000000e+00;4.334497e-01
-1.000000e+00;5.413442e-01
-1.000000e+00;5.607188e-01
-1.000000e+00;5.607188e-01
-1.000000e+00;4.971777e-01
-1.000000e+00;4.820994e-01
-1.000000e+00;4.820994e-01
-9.011384e-01;7.264402e-01
-9.034031e-01;7.148423e-01
-9.062927e-01;7.033047e-01
-8.951545e-01;7.518168e-01
-8.960476e-01;7.439893e-01
-8.967633e-01;7.394377e-01
-8.925077e-01;7.563236e-01
-8.934529e-01;7.512735e-01
-8.940999e-01;7.469741e-01
-9.132610e-01;7.560408e-01
-8.825924e-01;7.472267e-01
-7.930974e-01;7.428701e-01
-7.930974e-01;7.428701e-01
-7.371641e-01;7.330777e-01
-5.819314e-01;5.851094e-01
-5.819314e-01;5.851094e-01
-3.749882e-01;5.493482e-01
-2.496901e-01;2.868540e-01
-2.496901e-01;2.868540e-01
5.801093e-03;1.716954e-01
4.651171e-02;1.506272e-01
4.651171e-02;1.506272e-01
9.653335e-02;2.119924e-01
9.898343e-02;2.237637e-01
9.898343e-02;2.237637e-01
2.628878e-03;-9.000198e-03
4.300151e-03;5.617158e-04
5.227015e-03;3.934393e-03
-2.348645e-03;-2.815392e-02
-5.451075e-03;-5.265617e-02
-1.305170e-02;-9.439329e-02
2.652312e-02;1.753486e-01
2.688471e-02;1.803165e-01
2.601779e-02;1.783769e-01
2.581296e-02;1.912749e-01
2.670777e-02;1.929369e-01
2.639542e-02;1.901007e-01
2.639542e-02;1.901007e-01
2.615683e-02;1.893410e-01
2.587796e-02;1.910024e-01
2.587796e-02;1.910024e-01
2.578314e-02;1.937784e-01
2.625077e-02;1.992109e-01
2.625077e-02;1.992109e-01
2.652898e-02;1.991781e-01
2.360360e-02;1.871794e-01
2.360360e-02;1.871794e-01
2.348342e-02;1.852348e-01
2.356289e-02;1.857913e-01
2.356289e-02;1.857913e-01
2.610865e-02;1.969752e-01
2.611745e-02;1.957549e-01
2.653094e-02;1.951320e-01
2.553876e-02;1.941656e-01
2.929527e-02;2.238753e-01
3.425500e-02;2.576516e-01
-7.330439e-03;-1.956792e-02
-7.868120e-03;-2.813686e-02
-7.655221e-03;-2.591213e-02
-5.793287e-03;-2.389616e-02
-2.034842e-02;-9.831818e-02
-3.042175e-02;-1.508571e-01
-3.042175e-02;-1.508571e-01
-3.402091e-02;-1.701758e-01
-3.628869e-02;-1.791815e-01
-3.628869e-02;-1.791815e-01
-6.065941e-02;-3.234355e-01
-6.173068e-02;-3.281992e-01
-6.173068e-02;-3.281992e-01
-6.193796e-02;-3.255445e-01
-5.940736e-02;-3.160831e-01
-5.940736e-02;-3.160831e-01
-6.190623e-02;-3.360324e-01
-6.671007e-02;-3.774032e-01
-6.671007e-02;-3.774032e-01
-6.710960e-02;-3.858858e-01
-6.741786e-02;-3.927323e-01
-6.719801e-02;-3.918929e-01
-3.907609e-02;-2.605621e-01
-3.912600e-02;-2.616081e-01
-3.716327e-02;-2.558163e-01
-3.328572e-02;-2.287787e-01
-3.325971e-02;-2.242519e-01
-3.462042e-02;-2.320522e-01
-3.403325e-02;-2.366710e-01
-1.985997e-02;-1.621584e-01
-9.162578e-03;-1.079027e-01
-9.162578e-03;-1.079027e-01
-1.415503e-02;-1.114232e-01
-1.365706e-02;-9.699657e-02
-1.365706e-02;-9.699657e-02
1.008745e-02;5.093279e-02
1.127551e-02;6.083381e-02
1.127551e-02;6.083381e-02
8.205878e-03;6.525225e-02
6.632262e-03;6.811718e-02
6.632262e-03;6.811718e-02
9.257866e-03;8.914308e-02
1.128448e-02;1.320877e-01
1.128448e-02;1.320877e-01
1.186182e-02;1.216391e-01
1.092928e-02;1.296470e-01
1.146614e-02;1.362807e-01
-1.533331e-02;-9.188089e-03
-1.821435e-02;-2.552031e-03
-1.815632e-02;2.260858e-03
-1.296087e-02;-2.695096e-02
-1.343518e-02;-2.299315e-02
-2.518855e-02;-8.228794e-02
1.015851e-01;7.496469e-01
9.723379e-02;7.320828e-01
9.569625e-02;7.304292e-01
9.569625e-02;7.304292e-01
1.032446e-01;7.518340e-01
1.033761e-01;7.445819e-01
1.033761e-01;7.445819e-01
9.555098e-02;6.990747e-01
8.749455e-02;5.929221e-01
8.749455e-02;5.929221e-01
9.002701e-02;5.741852e-01
8.881602e-02;5.511156e-01
8.881602e-02;5.511156e-01
8.758950e-02;5.453453e-01
8.844498e-02;5.277703e-01
6.666667e-02;-9.559049e-18
-3.468406e-02;1.345561e-03
-3.184961e-01;2.857755e-03
-3.184961e-01;2.857755e-03
-4.955955e-01;9.599448e-03
-9.845706e-01;1.525452e-01
-9.845706e-01;1.525452e-01
-1.000000e+00;1.833089e-01
-1.000000e+00;4.334497e-01
-1.000000e+00;4.334497e-01
-1.000000e+00;5.413442e-01
-1.000000e+00;5.607188e-01
-1.000000e+00;5.607188e-01
-1.000000e+00;4.971777e-01
-1.000000e+00;4.820994e-01
-1.000000e+00;4.820994e-01
-9.011384e-01;7.264402e-01
-9.034031e-01;7.148423e-01
-9.062927e-01;7.033047e-01
-8.951545e-01;7.518168e-01
-8.960476e-01;7.439893e-01
-8.967633e-01;7.394377e-01
-8.925077e-01;7.563236e-01
-8.934529e-01;7.512735e-01
-8.940999e-01;7.469741e-01
-9.132610e-01;7.560408e-01
-8.825924e-01;7.472267e-01
-7.930974e-01;7.428701e-01
-7.930974e-01;7.428701e-01
-7.371641e-01;7.330777e-01
-5.819314e-01;5.851094e-01
-5.819314e-01;5.851094e-01
-3.749882e-01;5.493482e-01
-2.496901e-01;2.868540e-01
-2.496901e-01;2.868540e-01
5.801093e-03;1.716954e-01
4.651171e-02;1.506272e-01
4.651171e-02;1.506272e-01
9.653335e-02;2.119924e-01
9.898343e-02;2.237637e-01
9.898343e-02;2.237637e-01
2.628878e-03;-9.000198e-03
4.300151e-03;5.617158e-04
5.227015e-03;3.934393e-03
-2.348645e-03;-2.815392e-02
-5.451075e-03;-5.265617e-02
-1.305170e-02;-9.439329e-02
2.652312e-02;1.753486e-01
2.688471e-02;1.803165e-01
2.601779e-02;1.783769e-01
2.581296e-02;1.912749e-01
2.670777e-02;1.929369e-01
2.639542e-02;1.901007e-01
2.639542e-02;1.901007e-01
2.615683e-02;1.893410e-01
2.587796e-02;1.910024e-01
2.587796e-02;1.910024e-01
2.578314e-02;1.937784e-01
2.625077e-02;1.992109e-01
2.625077e-02;1.992109e-01
2.652898e-02;1.991781e-01
2.360360e-02;1.871794e-01
2.360360e-02;1.871794e-01
2.348342e-02;1.852348e-01
2.356289e-02;1.857913e-01
2.356289e-02;1.857913e-01
2.610865e-02;1.969752e-01
2.611745e-02;1.957549e-01
2.653094e-02;1.951320e-01
2.553876e-02;1.941656e-01
2.929527e-02;2.238753e-01
3.425500e-02;2.576516e-01
-7.330439e-03;-1.956792e-02
-7.868120e-03;-2.813686e-02
-7.655221e-03;-2.591213e-02
-5.793287e-03;-2.389616e-02
-2.034842e-02;-9.831818e-02
-3.042175e-02;-1.508571e-01
-3.042175e-02;-1.508571e-01
-3.402091e-02;-1.701758e-01
-3.628869e-02;-1.791815e-01
-3.628869e-02;-1.791815e-01
-6.065941e-02;-3.234355e-01
-6.173068e-02;-3.281992e-01
-6.173068e-02;-3.281992e-01
-6.193796e-02;-3.255445e-01
-5.940736e-02;-3.160831e-01
-5.940736e-02;-3.160831e-01
-6.190623e-02;-3.360324e-01
-6.671007e-02;-3.774032e-01
-6.671007e-02;-3.774032e-01
-6.710960e-02;-3.858858e-01
-6.741786e-02;-3.927323e-01
-6.719801e-02;-3.918929e-01
-3.907609e-02;-2.605621e-01
-3.912600e-02;-2.616081e-01
-3.716327e-02;-2.558163e-01
-3.328572e-02;-2.287787e-01
-3.325971e-02;-2.242519e-01
-3.462042e-02;-2.320522e-01
-3.403325e-02;-2.366710e-01
-1.985997e-02;-1.621584e-01
-9.162578e-03;-1.079027e-01
-9.162578e-03;-1.079027e-01
-1.415503e-02;-1.114232e-01
-1.365706e-02;-9.699657e-02
-1.365706e-02;-9.699657e-02
1.008745e-02;5.093279e-02
1.127551e-02;6.083381e-02
1.127551e-02;6.083381e-02
8.205878e-03;6.525225e-02
6.632262e-03;6.811718e-02
6.632262e-03;6.811718e-02
9.257866e-03;8.914308e-02
1.128448e-02;1.320877e-01
1.128448e-02;1.320877e-01
1.186182e-02;1.216391e-01
1.092928e-02;1.296470e-01
1.146614e-02;1.362807e-01
-1.533331e-02;-9.188089e-03
-1.821435e-02;-2.552031e-03
-1.815632e-02;2.260858e-03
-1.296087e-02;-2.695096e-02
-1.343518e-02;-2.299315e-02
-2.518855e-02;-8.228794e-02
1.015851e-01;7.496469e-01
9.723379e-02;7.320828e-01
9.569625e-02;7.304292e-01
9.569625e-02;7.304292e-01
1.032446e-01;7.518340e-01
1.033761e-01;7.445819e-01
1.033761e-01;7.445819e-01
9.555098e-02;6.990747e-01
8.749455e-02;5.929221e-01
8.749455e-02;5.929221e-01
9.002701e-02;5.741852e-01
8.881602e-02;5.511156e-01
8.881602e-02;5.511156e-01
8.758950e-02;5.453453e-01
8.844498e-02;5.277703e-01
4.242424e-01;4.395947e-17
4.242424e-01;4.395947e-17
4.242424e-01;4.395947e-17
4.242424e-01;4.395947e-17
4.242424e-01;4.395947e-17
4.242424e-01;4.395947e-17
4.242424e-01;4.395947e-17
4.242424e-01;4.395947e-17
4.242424e-01;4.395947e-17
3.883680e-01;4.190404e-02
3.883680e-01;4.190404e-02
3.883680e-01;4.190404e-02
3.883680e-01;4.190404e-02
3.883680e-01;4.190404e-02
3.883680e-01;4.190404e-02
3.883680e-01;4.190404e-02
3.883680e-01;4.190404e-02
3.883680e-01;4.190404e-02
7.777778e-02;-1.768728e-17
7.777778e-02;-1.768728e-17
-3.671538e-01;4.566723e-01
-3.671538e-01;4.566723e-01
-3.671538e-01;4.566723e-01
-4.348755e-01;3.924385e-01
-4.348755e-01;3.924385e-01
-4.348755e-01;3.924385e-01
-4.539796e-01;4.056941e-01
-4.539796e-01;4.056941e-01
-4.539796e-01;4.056941e-01
-4.022655e-01;3.031342e-01
-4.022655e-01;3.031342e-01
-4.088940e-01;3.154977e-01
-4.088940e-01;3.154977e-01
-4.088940e-01;3.154977e-01
-4.114918e-01;3.171392e-01
-4.114918e-01;3.171392e-01
-4.114918e-01;3.171392e-01
-4.157431e-01;3.238931e-01
-4.157431e-01;3.238931e-01
-4.157431e-01;3.238931e-01
-4.194638e-01;3.276287e-01
-4.194638e-01;3.276287e-01
-4.315834e-01;2.741478e-01
-4.955307e-01;3.342795e-01
-4.955307e-01;3.342795e-01
-5.376295e-02;-1.176586e-01
-5.376295e-02;-1.176586e-01
-5.376295e-02;-1.176586e-01
1.091317e-02;-5.173187e-02
1.091317e-02;-5.173187e-02
1.091317e-02;-5.173187e-02
2.579635e-02;-5.842085e-02
2.579635e-02;-5.842085e-02
2.579635e-02;-5.842085e-02
-1.539536e-02;3.848204e-02
-1.539536e-02;3.848204e-02
-1.429954e-02;2.443079e-02
-1.429954e-02;2.443079e-02
-1.429954e-02;2.443079e-02
-3.733465e-02;-4.579864e-03
-3.733465e-02;-4.579864e-03
-3.733465e-02;-4.579864e-03
-3.640052e-02;-6.911676e-03
-3.640052e-02;-6.911676e-03
-3.640052e-02;-6.911676e-03
-4.282316e-02;2.323317e-03
-4.282316e-02;2.323317e-03
-3.654831e-02;6.547428e-02
-2.702949e-02;-3.209580e-02
-2.702949e-02;-3.209580e-02
-3.334379e-02;-1.834144e-02
-3.334379e-02;-1.834144e-02
-3.334379e-02;-1.834144e-02
-4.133452e-02;-5.195988e-02
-4.133452e-02;-5.195988e-02
-4.133452e-02;-5.195988e-02
-5.855988e-02;-3.541813e-02
-5.855988e-02;-3.541813e-02
-5.855988e-02;-3.541813e-02
-4.737252e-02;2.434767e-02
-4.737252e-02;2.434767e-02
-7.664167e-02;-3.653134e-02
-7.664167e-02;-3.653134e-02
-7.664167e-02;-3.653134e-02
-6.324976e-02;-3.217121e-02
-6.324976e-02;-3.217121e-02
-6.324976e-02;-3.217121e-02
-6.954229e-02;-3.055837e-02
4.444444e-02;-4.573362e-18
4.444444e-02;-4.573362e-18
-1.831154e-01;1.330038e-01
-1.831154e-01;1.330038e-01
-1.831154e-01;1.330038e-01
-2.264345e-01;1.073051e-01
-2.264345e-01;1.073051e-01
-2.264345e-01;1.073051e-01
-2.343308e-01;1.127102e-01
-2.343308e-01;1.127102e-01
-2.343308e-01;1.127102e-01
-1.963349e-01;3.481013e-02
-1.963349e-01;3.481013e-02
-1.982600e-01;3.802447e-02
-1.982600e-01;3.802447e-02
-1.982600e-01;3.802447e-02
-1.996454e-01;3.856535e-02
-1.996454e-01;3.856535e-02
-1.996454e-01;3.856535e-02
-2.023346e-01;4.338084e-02
-2.023346e-01;4.338084e-02
-2.023346e-01;4.338084e-02
-2.043843e-01;4.553388e-02
-2.043843e-01;4.553388e-02
-2.098942e-01;1.935902e-02
-2.472927e-01;5.772070e-02
-2.472927e-01;5.772070e-02
-2.114605e-02;-7.386913e-02
-2.114605e-02;-7.386913e-02
-2.114605e-02;-7.386913e-02
2.018737e-02;-4.618894e-02
2.018737e-02;-4.618894e-02
2.018737e-02;-4.618894e-02
2.627366e-02;-4.959012e-02
2.627366e-02;-4.959012e-02
2.627366e-02;-4.959012e-02
-7.690208e-03;2.816108e-02
-7.690208e-03;2.816108e-02
-7.913747e-03;1.918387e-02
-7.913747e-03;1.918387e-02
-7.913747e-03;1.918387e-02
-2.365837e-02;-4.455339e-03
-2.365837e-02;-4.455339e-03
-2.365837e-02;-4.455339e-03
-2.364605e-02;-5.441190e-03
-2.364605e-02;-5.441190e-03
-2.364605e-02;-5.441190e-03
-2.955338e-02;4.198211e-03
-2.955338e-02;4.198211e-03
-2.783552e-02;3.661686e-02
-1.975506e-02;-2.706516e-02
-1.975506e-02;-2.706516e-02
-2.400655e-02;-1.747203e-02
-2.400655e-02;-1.747203e-02
-2.400655e-02;-1.747203e-02
-2.750630e-02;-2.871996e-02
-2.750630e-02;-2.871996e-02
-2.750630e-02;-2.871996e-02
-3.176087e-02;-3.087926e-02
-3.176087e-02;-3.087926e-02
-3.176087e-02;-3.087926e-02
-1.895579e-02;-1.532297e-02
-1.895579e-02;-1.532297e-02
-3.741862e-02;-4.596554e-02
-3.741862e-02;-4.596554e-02
-3.741862e-02;-4.596554e-02
-2.821304e-02;-2.991896e-02
-2.821304e-02;-2.991896e-02
-2.821304e-02;-2.991896e-02
-3.121876e-02;-3.025497e-02
1.000000e-01;-1.749508e-17
1.000000e-01;-1.749508e-17
-1.000000e+00;1.000000e+00
-1.000000e+00;1.000000e+00
-1.000000e+00;1.000000e+00
-1.000000e+00;6.810573e-01
-1.000000e+00;6.810573e-01
-1.000000e+00;6.810573e-01
-1.000000e+00;6.849841e-01
-1.000000e+00;6.849841e-01
-1.000000e+00;6.849841e-01
-9.175698e-01;5.514560e-01
-9.175698e-01;5.514560e-01
-9.263673e-01;5.653059e-01
-9.263673e-01;5.653059e-01
-9.263673e-01;5.653059e-01
-9.303769e-01;5.684486e-01
-9.303769e-01;5.684486e-01
-9.303769e-01;5.684486e-01
-9.351444e-01;5.731223e-01
-9.351444e-01;5.731223e-01
-9.351444e-01;5.731223e-01
-9.407912e-01;5.806576e-01
-9.407912e-01;5.806576e-01
-9.653222e-01;4.821733e-01
-9.857797e-01;5.318254e-01
-9.857797e-01;5.318254e-01
-1.730245e-01;-4.574593e-01
-1.730245e-01;-4.574593e-01
-1.730245e-01;-4.574593e-01
3.980987e-02;-1.358017e-01
3.980987e-02;-1.358017e-01
3.980987e-02;-1.358017e-01
5.828790e-02;-1.306374e-01
5.828790e-02;-1.306374e-01
5.828790e-02;-1.306374e-01
-4.755159e-03;-1.057710e-02
-4.755159e-03;-1.057710e-02
-7.885281e-03;-4.342902e-02
-7.885281e-03;-4.342902e-02
-7.885281e-03;-4.342902e-02
-4.402924e-02;-9.747906e-02
-4.402924e-02;-9.747906e-02
-4.402924e-02;-9.747906e-02
-4.505344e-02;-9.418376e-02
-4.505344e-02;-9.418376e-02
-4.505344e-02;-9.418376e-02
-6.302112e-02;-8.119930e-02
-6.302112e-02;-8.119930e-02
-4.741339e-02;2.928447e-02
-6.460337e-02;-5.215643e-02
-6.460337e-02;-5.215643e-02
-7.182889e-02;-4.331908e-02
-7.182889e-02;-4.331908e-02
-7.182889e-02;-4.331908e-02
-7.510707e-02;-1.080689e-01
-7.510707e-02;-1.080689e-01
-7.510707e-02;-1.080689e-01
-9.062765e-02;-1.180759e-01
-9.062765e-02;-1.180759e-01
-9.062765e-02;-1.180759e-01
-7.728448e-02;5.194219e-02
-7.728448e-02;5.194219e-02
-1.581853e-01;-9.238552e-02
-1.581853e-01;-9.238552e-02
-1.581853e-01;-9.238552e-02
-1.496328e-01;-6.008778e-02
-1.496328e-01;-6.008778e-02
-1.496328e-01;-6.008778e-02
-1.561787e-01;-6.972209e-02
4.444444e-02;-5.731487e-18
4.444444e-02;-5.731487e-18
-1.670920e-01;2.276642e-01
-1.670920e-01;2.276642e-01
-1.670920e-01;2.276642e-01
-1.844518e-01;2.217121e-01
-1.844518e-01;2.217121e-01
-1.844518e-01;2.217121e-01
-1.908673e-01;2.289850e-01
-1.908673e-01;2.289850e-01
-1.908673e-01;2.289850e-01
-1.565839e-01;1.570968e-01
-1.565839e-01;1.570968e-01
-1.601502e-01;1.637372e-01
-1.601502e-01;1.637372e-01
-1.601502e-01;1.637372e-01
-1.618425e-01;1.653574e-01
-1.618425e-01;1.653574e-01
-1.618425e-01;1.653574e-01
-1.650319e-01;1.715422e-01
-1.650319e-01;1.715422e-01
-1.650319e-01;1.715422e-01
-1.671895e-01;1.733346e-01
-1.671895e-01;1.733346e-01
-1.721960e-01;1.488263e-01
-2.088158e-01;1.712411e-01
-2.088158e-01;1.712411e-01
1.517968e-03;-5.486214e-02
1.517968e-03;-5.486214e-02
1.517968e-03;-5.486214e-02
1.703295e-02;-4.731833e-02
1.703295e-02;-4.731833e-02
1.703295e-02;-4.731833e-02
2.210785e-02;-5.309344e-02
2.210785e-02;-5.309344e-02
2.210785e-02;-5.309344e-02
-8.379029e-03;1.892664e-02
-8.379029e-03;1.892664e-02
-7.874266e-03;9.924731e-03
-7.874266e-03;9.924731e-03
-7.874266e-03;9.924731e-03
-2.064216e-02;-9.469312e-03
-2.064216e-02;-9.469312e-03
-2.064216e-02;-9.469312e-03
-2.020211e-02;-1.201554e-02
-2.020211e-02;-1.201554e-02
-2.020211e-02;-1.201554e-02
-2.668620e-02;-2.581674e-04
-2.668620e-02;-2.581674e-04
-2.511466e-02;3.085448e-02
-2.077869e-02;-1.201826e-02
-2.077869e-02;-1.201826e-02
-2.398126e-02;-5.351630e-03
-2.398126e-02;-5.351630e-03
-2.398126e-02;-5.351630e-03
-2.970062e-02;-1.827153e-02
-2.970062e-02;-1.827153e-02
-2.970062e-02;-1.827153e-02
-3.805787e-02;-5.764417e-03
-3.805787e-02;-5.764417e-03
-3.805787e-02;-5.764417e-03
-2.974583e-02;1.959033e-02
-2.974583e-02;1.959033e-02
-5.057352e-02;-1.707521e-02
-5.057352e-02;-1.707521e-02
-5.057352e-02;-1.707521e-02
-4.203915e-02;-7.283723e-03
-4.203915e-02;-7.283723e-03
-4.203915e-02;-7.283723e-03
-4.450365e-02;-3.883965e-03
9.090909e-02;6.081389e-18
9.090909e-02;6.081389e-18
-5.168323e-01;5.164589e-01
-5.168323e-01;5.164589e-01
-5.168323e-01;5.164589e-01
-5.986673e-01;4.233168e-01
-5.986673e-01;4.233168e-01
-5.986673e-01;4.233168e-01
-6.178123e-01;4.352945e-01
-6.178123e-01;4.352945e-01
-6.178123e-01;4.352945e-01
-5.602312e-01;3.197686e-01
-5.602312e-01;3.197686e-01
-5.672644e-01;3.330353e-01
-5.672644e-01;3.330353e-01
-5.672644e-01;3.330353e-01
-5.699862e-01;3.349709e-01
-5.699862e-01;3.349709e-01
-5.699862e-01;3.349709e-01
-5.743489e-01;3.422120e-01
-5.743489e-01;3.422120e-01
-5.743489e-01;3.422120e-01
-5.779250e-01;3.460195e-01
-5.779250e-01;3.460195e-01
-5.895565e-01;2.916407e-01
-6.671582e-01;3.494211e-01
-6.671582e-01;3.494211e-01
-6.283435e-02;-1.617000e-01
-6.283435e-02;-1.617000e-01
-6.283435e-02;-1.617000e-01
1.601906e-02;-6.686157e-02
1.601906e-02;-6.686157e-02
1.601906e-02;-6.686157e-02
3.105917e-02;-7.243583e-02
3.105917e-02;-7.243583e-02
3.105917e-02;-7.243583e-02
-1.887180e-02;4.157636e-02
-1.887180e-02;4.157636e-02
-1.676026e-02;2.539701e-02
-1.676026e-02;2.539701e-02
-1.676026e-02;2.539701e-02
-4.164852e-02;-7.096708e-03
-4.164852e-02;-7.096708e-03
-4.164852e-02;-7.096708e-03
-4.051310e-02;-1.007723e-02
-4.051310e-02;-1.007723e-02
-4.051310e-02;-1.007723e-02
-4.791960e-02;2.314488e-03
-4.791960e-02;2.314488e-03
-4.252745e-02;6.766977e-02
-3.271076e-02;-2.798530e-02
-3.271076e-02;-2.798530e-02
-3.843559e-02;-1.532579e-02
-3.843559e-02;-1.532579e-02
-3.843559e-02;-1.532579e-02
-4.794979e-02;-4.499489e-02
-4.794979e-02;-4.499489e-02
-4.794979e-02;-4.499489e-02
-7.246923e-02;-1.685049e-02
-7.246923e-02;-1.685049e-02
-7.246923e-02;-1.685049e-02
-5.367300e-02;9.763843e-02
-5.367300e-02;9.763843e-02
-8.915672e-02;3.894890e-02
-8.915672e-02;3.894890e-02
-8.915672e-02;3.894890e-02
-7.812596e-02;5.258562e-02
-7.812596e-02;5.258562e-02
-7.812596e-02;5.258562e-02
-8.933309e-02;6.424643e-02
9.090909e-02;6.081389e-18
9.090909e-02;6.081389e-18
-5.168323e-01;5.164589e-01
-5.168323e-01;5.164589e-01
-5.168323e-01;5.164589e-01
-5.986673e-01;4.233168e-01
-5.986673e-01;4.233168e-01
-5.986673e-01;4.233168e-01
-6.178123e-01;4.352945e-01
-6.178123e-01;4.352945e-01
-6.178123e-01;4.352945e-01
-5.602312e-01;3.197686e-01
-5.602312e-01;3.197686e-01
-5.672644e-01;3.330353e-01
-5.672644e-01;3.330353e-01
-5.672644e-01;3.330353e-01
-5.699862e-01;3.349709e-01
-5.699862e-01;3.349709e-01
-5.699862e-01;3.349709e-01
-5.743489e-01;3.422120e-01
-5.743489e-01;3.422120e-01
-5.743489e-01;3.422120e-01
-5.779250e-01;3.460195e-01
-5.779250e-01;3.460195e-01
-5.895565e-01;2.916407e-01
-6.671582e-01;3.494211e-01
-6.671582e-01;3.494211e-01
-6.283435e-02;-1.617000e-01
-6.283435e-02;-1.617000e-01
-6.283435e-02;-1.617000e-01
1.601906e-02;-6.686157e-02
1.601906e-02;-6.686157e-02
1.601906e-02;-6.686157e-02
3.105917e-02;-7.243583e-02
3.105917e-02;-7.243583e-02
3.105917e-02;-7.243583e-02
-1.887180e-02;4.157636e-02
-1.887180e-02;4.157636e-02
-1.676026e-02;2.539701e-02
-1.676026e-02;2.539701e-02
-1.676026e-02;2.539701e-02
-4.164852e-02;-7.096708e-03
-4.164852e-02;-7.096708e-03
-4.164852e-02;-7.096708e-03
-4.051310e-02;-1.007723e-02
-4.051310e-02;-1.007723e-02
-4.051310e-02;-1.007723e-02
-4.791960e-02;2.314488e-03
-4.791960e-02;2.314488e-03
-4.252745e-02;6.766977e-02
-3.271076e-02;-2.798530e-02
-3.271076e-02;-2.798530e-02
-3.843559e-02;-1.532579e-02
-3.843559e-02;-1.532579e-02
-3.843559e-02;-1.532579e-02
-4.794979e-02;-4.499489e-02
-4.794979e-02;-4.499489e-02
-4.794979e-02;-4.499489e-02
-7.246923e-02;-1.685049e-02
-7.246923e-02;-1.685049e-02
-7.246923e-02;-1.685049e-02
-5.367300e-02;9.763843e-02
-5.367300e-02;9.763843e-02
-8.915672e-02;3.894890e-02
-8.915672e-02;3.894890e-02
-8.915672e-02;3.894890e-02
-7.812596e-02;5.258562e-02
-7.812596e-02;5.258562e-02
-7.812596e-02;5.258562e-02
-8.933309e-02;6.424643e-02
6.250000e-02;-4.494511e-18
6.250000e-02;-4.494511e-18
-3.930403e-01;4.051978e-01
-3.930403e-01;4.051978e-01
-3.930403e-01;4.051978e-01
-4.613510e-01;3.426499e-01
-4.613510e-01;3.426499e-01
-4.613510e-01;3.426499e-01
-4.773995e-01;3.490936e-01
-4.773995e-01;3.490936e-01
-4.773995e-01;3.490936e-01
-4.284538e-01;2.523600e-01
-4.284538e-01;2.523600e-01
-4.349489e-01;2.644616e-01
-4.349489e-01;2.644616e-01
-4.349489e-01;2.644616e-01
-4.374754e-01;2.659940e-01
-4.374754e-01;2.659940e-01
-4.374754e-01;2.659940e-01
-4.415580e-01;2.726479e-01
-4.415580e-01;2.726479e-01
-4.415580e-01;2.726479e-01
-4.450491e-01;2.762834e-01
-4.450491e-01;2.762834e-01
-4.564814e-01;2.233812e-01
-5.064523e-01;2.768827e-01
-5.064523e-01;2.768827e-01
-5.417737e-02;-1.233033e-01
-5.417737e-02;-1.233033e-01
-5.417737e-02;-1.233033e-01
1.118756e-02;-5.910271e-02
1.118756e-02;-5.910271e-02
1.118756e-02;-5.910271e-02
2.328971e-02;-5.946939e-02
2.328971e-02;-5.946939e-02
2.328971e-02;-5.946939e-02
-1.815782e-02;3.598452e-02
-1.815782e-02;3.598452e-02
-1.641746e-02;2.071104e-02
-1.641746e-02;2.071104e-02
-1.641746e-02;2.071104e-02
-3.953732e-02;-8.770022e-03
-3.953732e-02;-8.770022e-03
-3.953732e-02;-8.770022e-03
-3.858569e-02;-1.136524e-02
-3.858569e-02;-1.136524e-02
-3.858569e-02;-1.136524e-02
-4.514679e-02;-6.948874e-04
-4.514679e-02;-6.948874e-04
-3.957066e-02;6.235591e-02
-3.030525e-02;-2.616512e-02
-3.030525e-02;-2.616512e-02
-3.576674e-02;-1.407442e-02
-3.576674e-02;-1.407442e-02
-3.576674e-02;-1.407442e-02
-4.085752e-02;-4.525172e-02
-4.085752e-02;-4.525172e-02
-4.085752e-02;-4.525172e-02
-5.700346e-02;-3.323267e-02
-5.700346e-02;-3.323267e-02
-5.700346e-02;-3.323267e-02
-4.187970e-02;4.109264e-02
-4.187970e-02;4.109264e-02
-7.145767e-02;-9.868522e-03
-7.145767e-02;-9.868522e-03
-7.145767e-02;-9.868522e-03
-5.850436e-02;9.271560e-04
-5.850436e-02;9.271560e-04
-5.850436e-02;9.271560e-04
-6.732680e-02;7.766429e-03
6.250000e-02;-4.494511e-18
6.250000e-02;-4.494511e-18
-1.766456e-01;2.871246e-01
-1.766456e-01;2.871246e-01
-1.766456e-01;2.871246e-01
-2.347039e-01;2.207604e-01
-2.347039e-01;2.207604e-01
-2.347039e-01;2.207604e-01
-2.525784e-01;2.317412e-01
-2.525784e-01;2.317412e-01
-2.525784e-01;2.317412e-01
-2.053916e-01;1.396361e-01
-2.053916e-01;1.396361e-01
-2.115461e-01;1.508521e-01
-2.115461e-01;1.508521e-01
-2.115461e-01;1.508521e-01
-2.141665e-01;1.522583e-01
-2.141665e-01;1.522583e-01
-2.141665e-01;1.522583e-01
-2.182957e-01;1.589130e-01
-2.182957e-01;1.589130e-01
-2.182957e-01;1.589130e-01
-2.220156e-01;1.626577e-01
-2.220156e-01;1.626577e-01
-2.334265e-01;1.121029e-01
-2.827588e-01;1.650589e-01
-2.827588e-01;1.650589e-01
-4.684004e-02;-1.172967e-01
-4.684004e-02;-1.172967e-01
-4.684004e-02;-1.172967e-01
8.097339e-03;-4.928019e-02
8.097339e-03;-4.928019e-02
8.097339e-03;-4.928019e-02
2.166662e-02;-5.358839e-02
2.166662e-02;-5.358839e-02
2.166662e-02;-5.358839e-02
-1.775245e-02;3.726088e-02
-1.775245e-02;3.726088e-02
-1.642595e-02;2.219952e-02
-1.642595e-02;2.219952e-02
-1.642595e-02;2.219952e-02
-4.018085e-02;-5.973188e-03
-4.018085e-02;-5.973188e-03
-4.018085e-02;-5.973188e-03
-3.930058e-02;-8.476768e-03
-3.930058e-02;-8.476768e-03
-3.930058e-02;-8.476768e-03
-4.537025e-02;1.290997e-03
-4.537025e-02;1.290997e-03
-3.960313e-02;6.131210e-02
-2.879265e-02;-3.057099e-02
-2.879265e-02;-3.057099e-02
-3.457398e-02;-1.781572e-02
-3.457398e-02;-1.781572e-02
-3.457398e-02;-1.781572e-02
-4.059250e-02;-5.323481e-02
-4.059250e-02;-5.323481e-02
-4.059250e-02;-5.323481e-02
-5.086725e-02;-5.033341e-02
-5.086725e-02;-5.033341e-02
-5.086725e-02;-5.033341e-02
-3.726675e-02;5.735889e-03
-3.726675e-02;5.735889e-03
-6.843455e-02;-5.902788e-02
-6.843455e-02;-5.902788e-02
-6.843455e-02;-5.902788e-02
-5.410539e-02;-4.768040e-02
-5.410539e-02;-4.768040e-02
-5.410539e-02;-4.768040e-02
-5.981658e-02;-4.779095e-02
