-2.914529e-02;-1.017653e-01
-2.914529e-02;-1.017653e-01
-2.914529e-02;-1.017653e-01
-2.914529e-02;-1.017653e-01
-2.914529e-02;-1.017653e-01
-2.914529e-02;-1.017653e-01
-2.404879e-01;-1.180036e-01
-2.404879e-01;-1.180036e-01
-2.404879e-01;-1.180036e-01
-2.404879e-01;-1.180036e-01
-2.404879e-01;-1.180036e-01
-2.404879e-01;-1.180036e-01
-3.088609e-01;-4.325503e-01
-3.088609e-01;-4.325503e-01
-3.088609e-01;-4.325503e-01
-3.088609e-01;-4.325503e-01
-3.088609e-01;-4.325503e-01
-3.088609e-01;-4.325503e-01
6.098248e-01;-4.213010e-01
6.098248e-01;-4.213010e-01
6.098248e-01;-4.213010e-01
6.098248e-01;-4.213010e-01
3.569450e-01;-3.006797e-01
3.569450e-01;-3.006797e-01
3.569450e-01;-3.006797e-01
3.569450e-01;-3.006797e-01
3.569450e-01;-3.006797e-01
3.569450e-01;-3.006797e-01
2.706082e-01;-2.593182e-01
2.706082e-01;-2.593182e-01
2.706082e-01;-2.593182e-01
2.706082e-01;-2.593182e-01
2.706082e-01;-2.593182e-01
2.706082e-01;-2.593182e-01
9.771748e-02;-1.822218e-01
9.771748e-02;-1.822218e-01
9.771748e-02;-1.822218e-01
9.771748e-02;-1.822218e-01
9.771748e-02;-1.822218e-01
9.771748e-02;-1.822218e-01
-2.773684e-01;-2.681592e-03
-2.773684e-01;-2.681592e-03
-2.773684e-01;-2.681592e-03
-2.773684e-01;-2.681592e-03
-8.117550e-01;4.607084e-01
-8.117550e-01;4.607084e-01
-2.372890e-01;-1.033544e-01
-2.372890e-01;-1.033544e-01
-2.372890e-01;-1.033544e-01
-2.372890e-01;-1.033544e-01
-3.580590e-01;-5.148601e-03
-3.580590e-01;-5.148601e-03
-3.580590e-01;-5.148601e-03
-3.580590e-01;-5.148601e-03
-3.580590e-01;-5.148601e-03
-3.580590e-01;-5.148601e-03
-2.570862e-01;-3.858584e-01
-2.570862e-01;-3.858584e-01
-2.570862e-01;-3.858584e-01
-2.570862e-01;-3.858584e-01
-2.570862e-01;-3.858584e-01
-2.570862e-01;-3.858584e-01
-3.119966e-01;-1.497291e-01
-3.119966e-01;-1.497291e-01
-3.119966e-01;-1.497291e-01
-3.119966e-01;-1.497291e-01
-3.119966e-01;-1.497291e-01
-3.119966e-01;-1.497291e-01
-5.514527e-01;-5.759209e-01
-5.514527e-01;-5.759209e-01
-5.514527e-01;-5.759209e-01
-5.514527e-01;-5.759209e-01
-5.504512e-01;-8.298925e-01
-5.504512e-01;-8.298925e-01
-5.504512e-01;-8.298925e-01
-5.504512e-01;-8.298925e-01
-5.504512e-01;-8.298925e-01
-5.504512e-01;-8.298925e-01
-7.193734e-01;-5.572734e-01
-7.193734e-01;-5.572734e-01
-7.193734e-01;-5.572734e-01
-7.193734e-01;-5.572734e-01
-7.193734e-01;-5.572734e-01
-7.193734e-01;-5.572734e-01
-7.536686e-01;-4.831283e-01
-7.536686e-01;-4.831283e-01
-7.536686e-01;-4.831283e-01
-7.536686e-01;-4.831283e-01
-7.536686e-01;-4.831283e-01
-7.536686e-01;-4.831283e-01
-5.087633e-01;-6.859702e-01
-5.087633e-01;-6.859702e-01
-5.087633e-01;-6.859702e-01
-5.087633e-01;-6.859702e-01
-7.181516e-02;-1.000000e+00
-7.181516e-02;-1.000000e+00
-2.861351e-01;-5.749215e-01
-2.861351e-01;-5.749215e-01
-2.861351e-01;-5.749215e-01
-2.861351e-01;-5.749215e-01
-4.093917e-01;-3.694342e-01
-4.093917e-01;-3.694342e-01
-4.093917e-01;-3.694342e-01
-4.093917e-01;-3.694342e-01
-4.093917e-01;-3.694342e-01
-4.093917e-01;-3.694342e-01
-5.011095e-01;-3.469305e-02
-5.011095e-01;-3.469305e-02
-5.011095e-01;-3.469305e-02
-5.011095e-01;-3.469305e-02
-5.011095e-01;-3.469305e-02
-5.011095e-01;-3.469305e-02
-4.385622e-01;-8.497190e-02
-4.385622e-01;-8.497190e-02
-4.385622e-01;-8.497190e-02
-4.385622e-01;-8.497190e-02
-4.385622e-01;-8.497190e-02
-4.385622e-01;-8.497190e-02
-7.902199e-01;4.896305e-01
-7.902199e-01;4.896305e-01
-7.902199e-01;4.896305e-01
-7.902199e-01;4.896305e-01
-6.437805e-01;5.904966e-01
-6.437805e-01;5.904966e-01
-6.437805e-01;5.904966e-01
-6.437805e-01;5.904966e-01
-6.437805e-01;5.904966e-01
-6.437805e-01;5.904966e-01
-5.291480e-01;1.623142e-01
-5.291480e-01;1.623142e-01
-5.291480e-01;1.623142e-01
-5.291480e-01;1.623142e-01
-5.291480e-01;1.623142e-01
-5.291480e-01;1.623142e-01
-4.238947e-01;3.112317e-02
-4.238947e-01;3.112317e-02
-2.914529e-02;-1.017653e-01
-2.914529e-02;-1.017653e-01
-2.914529e-02;-1.017653e-01
-2.914529e-02;-1.017653e-01
-2.914529e-02;-1.017653e-01
-2.914529e-02;-1.017653e-01
-2.404879e-01;-1.180036e-01
-2.404879e-01;-1.180036e-01
-2.404879e-01;-1.180036e-01
-2.404879e-01;-1.180036e-01
-2.404879e-01;-1.180036e-01
-2.404879e-01;-1.180036e-01
-3.088609e-01;-4.325503e-01
-3.088609e-01;-4.325503e-01
-3.088609e-01;-4.325503e-01
-3.088609e-01;-4.325503e-01
-3.088609e-01;-4.325503e-01
-3.088609e-01;-4.325503e-01
6.098248e-01;-4.213010e-01
6.098248e-01;-4.213010e-01
6.098248e-01;-4.213010e-01
6.098248e-01;-4.213010e-01
3.569450e-01;-3.006797e-01
3.569450e-01;-3.006797e-01
3.569450e-01;-3.006797e-01
3.569450e-01;-3.006797e-01
3.569450e-01;-3.006797e-01
3.569450e-01;-3.006797e-01
2.706082e-01;-2.593182e-01
2.706082e-01;-2.593182e-01
2.706082e-01;-2.593182e-01
2.706082e-01;-2.593182e-01
2.706082e-01;-2.593182e-01
2.706082e-01;-2.593182e-01
9.771748e-02;-1.822218e-01
9.771748e-02;-1.822218e-01
9.771748e-02;-1.822218e-01
9.771748e-02;-1.822218e-01
9.771748e-02;-1.822218e-01
9.771748e-02;-1.822218e-01
-2.773684e-01;-2.681592e-03
-2.773684e-01;-2.681592e-03
-2.773684e-01;-2.681592e-03
-2.773684e-01;-2.681592e-03
-8.117550e-01;4.607084e-01
-8.117550e-01;4.607084e-01
-2.372890e-01;-1.033544e-01
-2.372890e-01;-1.033544e-01
-2.372890e-01;-1.033544e-01
-2.372890e-01;-1.033544e-01
-3.580590e-01;-5.148601e-03
-3.580590e-01;-5.148601e-03
-3.580590e-01;-5.148601e-03
-3.580590e-01;-5.148601e-03
-3.580590e-01;-5.148601e-03
-3.580590e-01;-5.148601e-03
-2.570862e-01;-3.858584e-01
-2.570862e-01;-3.858584e-01
-2.570862e-01;-3.858584e-01
-2.570862e-01;-3.858584e-01
-2.570862e-01;-3.858584e-01
-2.570862e-01;-3.858584e-01
-3.119966e-01;-1.497291e-01
-3.119966e-01;-1.497291e-01
-3.119966e-01;-1.497291e-01
-3.119966e-01;-1.497291e-01
-3.119966e-01;-1.497291e-01
-3.119966e-01;-1.497291e-01
-5.514527e-01;-5.759209e-01
-5.514527e-01;-5.759209e-01
-5.514527e-01;-5.759209e-01
-5.514527e-01;-5.759209e-01
-5.504512e-01;-8.298925e-01
-5.504512e-01;-8.298925e-01
-5.504512e-01;-8.298925e-01
-5.504512e-01;-8.298925e-01
-5.504512e-01;-8.298925e-01
-5.504512e-01;-8.298925e-01
-7.193734e-01;-5.572734e-01
-7.193734e-01;-5.572734e-01
-7.193734e-01;-5.572734e-01
-7.193734e-01;-5.572734e-01
-7.193734e-01;-5.572734e-01
-7.193734e-01;-5.572734e-01
-7.536686e-01;-4.831283e-01
-7.536686e-01;-4.831283e-01
-7.536686e-01;-4.831283e-01
-7.536686e-01;-4.831283e-01
-7.536686e-01;-4.831283e-01
-7.536686e-01;-4.831283e-01
-5.087633e-01;-6.859702e-01
-5.087633e-01;-6.859702e-01
-5.087633e-01;-6.859702e-01
-5.087633e-01;-6.859702e-01
-7.181516e-02;-1.000000e+00
-7.181516e-02;-1.000000e+00
-2.861351e-01;-5.749215e-01
-2.861351e-01;-5.749215e-01
-2.861351e-01;-5.749215e-01
-2.861351e-01;-5.749215e-01
-4.093917e-01;-3.694342e-01
-4.093917e-01;-3.694342e-01
-4.093917e-01;-3.694342e-01
-4.093917e-01;-3.694342e-01
-4.093917e-01;-3.694342e-01
-4.093917e-01;-3.694342e-01
-5.011095e-01;-3.469305e-02
-5.011095e-01;-3.469305e-02
-5.011095e-01;-3.469305e-02
-5.011095e-01;-3.469305e-02
-5.011095e-01;-3.469305e-02
-5.011095e-01;-3.469305e-02
-4.385622e-01;-8.497190e-02
-4.385622e-01;-8.497190e-02
-4.385622e-01;-8.497190e-02
-4.385622e-01;-8.497190e-02
-4.385622e-01;-8.497190e-02
-4.385622e-01;-8.497190e-02
-7.902199e-01;4.896305e-01
-7.902199e-01;4.896305e-01
-7.902199e-01;4.896305e-01
-7.902199e-01;4.896305e-01
-6.437805e-01;5.904966e-01
-6.437805e-01;5.904966e-01
-6.437805e-01;5.904966e-01
-6.437805e-01;5.904966e-01
-6.437805e-01;5.904966e-01
-6.437805e-01;5.904966e-01
-5.291480e-01;1.623142e-01
-5.291480e-01;1.623142e-01
-5.291480e-01;1.623142e-01
-5.291480e-01;1.623142e-01
-5.291480e-01;1.623142e-01
-5.291480e-01;1.623142e-01
-4.238947e-01;3.112317e-02
-4.238947e-01;3.112317e-02
-2.914529e-02;-1.017653e-01
-2.914529e-02;-1.017653e-01
-2.914529e-02;-1.017653e-01
-2.914529e-02;-1.017653e-01
-2.914529e-02;-1.017653e-01
-2.914529e-02;-1.017653e-01
-2.404879e-01;-1.180036e-01
-2.404879e-01;-1.180036e-01
-2.404879e-01;-1.180036e-01
-2.404879e-01;-1.180036e-01
-2.404879e-01;-1.180036e-01
-2.404879e-01;-1.180036e-01
-3.088609e-01;-4.325503e-01
-3.088609e-01;-4.325503e-01
-3.088609e-01;-4.325503e-01
-3.088609e-01;-4.325503e-01
-3.088609e-01;-4.325503e-01
-3.088609e-01;-4.325503e-01
6.098248e-01;-4.213010e-01
6.098248e-01;-4.213010e-01
6.098248e-01;-4.213010e-01
6.098248e-01;-4.213010e-01
3.569450e-01;-3.006797e-01
3.569450e-01;-3.006797e-01
3.569450e-01;-3.006797e-01
3.569450e-01;-3.006797e-01
3.569450e-01;-3.006797e-01
3.569450e-01;-3.006797e-01
2.706082e-01;-2.593182e-01
2.706082e-01;-2.593182e-01
2.706082e-01;-2.593182e-01
2.706082e-01;-2.593182e-01
2.706082e-01;-2.593182e-01
2.706082e-01;-2.593182e-01
9.771748e-02;-1.822218e-01
9.771748e-02;-1.822218e-01
9.771748e-02;-1.822218e-01
9.771748e-02;-1.822218e-01
9.771748e-02;-1.822218e-01
9.771748e-02;-1.822218e-01
-2.773684e-01;-2.681592e-03
-2.773684e-01;-2.681592e-03
-2.773684e-01;-2.681592e-03
-2.773684e-01;-2.681592e-03
-8.117550e-01;4.607084e-01
-8.117550e-01;4.607084e-01
-2.372890e-01;-1.033544e-01
-2.372890e-01;-1.033544e-01
-2.372890e-01;-1.033544e-01
-2.372890e-01;-1.033544e-01
-3.580590e-01;-5.148601e-03
-3.580590e-01;-5.148601e-03
-3.580590e-01;-5.148601e-03
-3.580590e-01;-5.148601e-03
-3.580590e-01;-5.148601e-03
-3.580590e-01;-5.148601e-03
-2.570862e-01;-3.858584e-01
-2.570862e-01;-3.858584e-01
-2.570862e-01;-3.858584e-01
-2.570862e-01;-3.858584e-01
-2.570862e-01;-3.858584e-01
-2.570862e-01;-3.858584e-01
-3.119966e-01;-1.497291e-01
-3.119966e-01;-1.497291e-01
-3.119966e-01;-1.497291e-01
-3.119966e-01;-1.497291e-01
-3.119966e-01;-1.497291e-01
-3.119966e-01;-1.497291e-01
-5.514527e-01;-5.759209e-01
-5.514527e-01;-5.759209e-01
-5.514527e-01;-5.759209e-01
-5.514527e-01;-5.759209e-01
-5.504512e-01;-8.298925e-01
-5.504512e-01;-8.298925e-01
-5.504512e-01;-8.298925e-01
-5.504512e-01;-8.298925e-01
-5.504512e-01;-8.298925e-01
-5.504512e-01;-8.298925e-01
-7.193734e-01;-5.572734e-01
-7.193734e-01;-5.572734e-01
-7.193734e-01;-5.572734e-01
-7.193734e-01;-5.572734e-01
-7.193734e-01;-5.572734e-01
-7.193734e-01;-5.572734e-01
-7.536686e-01;-4.831283e-01
-7.536686e-01;-4.831283e-01
-7.536686e-01;-4.831283e-01
-7.536686e-01;-4.831283e-01
-7.536686e-01;-4.831283e-01
-7.536686e-01;-4.831283e-01
-5.087633e-01;-6.859702e-01
-5.087633e-01;-6.859702e-01
-5.087633e-01;-6.859702e-01
-5.087633e-01;-6.859702e-01
-7.181516e-02;-1.000000e+00
-7.181516e-02;-1.000000e+00
-2.861351e-01;-5.749215e-01
-2.861351e-01;-5.749215e-01
-2.861351e-01;-5.749215e-01
-2.861351e-01;-5.749215e-01
-4.093917e-01;-3.694342e-01
-4.093917e-01;-3.694342e-01
-4.093917e-01;-3.694342e-01
-4.093917e-01;-3.694342e-01
-4.093917e-01;-3.694342e-01
-4.093917e-01;-3.694342e-01
-5.011095e-01;-3.469305e-02
-5.011095e-01;-3.469305e-02
-5.011095e-01;-3.469305e-02
-5.011095e-01;-3.469305e-02
-5.011095e-01;-3.469305e-02
-5.011095e-01;-3.469305e-02
-4.385622e-01;-8.497190e-02
-4.385622e-01;-8.497190e-02
-4.385622e-01;-8.497190e-02
-4.385622e-01;-8.497190e-02
-4.385622e-01;-8.497190e-02
-4.385622e-01;-8.497190e-02
-7.902199e-01;4.896305e-01
-7.902199e-01;4.896305e-01
-7.902199e-01;4.896305e-01
-7.902199e-01;4.896305e-01
-6.437805e-01;5.904966e-01
-6.437805e-01;5.904966e-01
-6.437805e-01;5.904966e-01
-6.437805e-01;5.904966e-01
-6.437805e-01;5.904966e-01
-6.437805e-01;5.904966e-01
-5.291480e-01;1.623142e-01
-5.291480e-01;1.623142e-01
-5.291480e-01;1.623142e-01
-5.291480e-01;1.623142e-01
-5.291480e-01;1.623142e-01
-5.291480e-01;1.623142e-01
-4.238947e-01;3.112317e-02
-4.238947e-01;3.112317e-02
-2.914529e-02;-1.017653e-01
-2.914529e-02;-1.017653e-01
-2.914529e-02;-1.017653e-01
-2.914529e-02;-1.017653e-01
-2.914529e-02;-1.017653e-01
-2.914529e-02;-1.017653e-01
-2.404879e-01;-1.180036e-01
-2.404879e-01;-1.180036e-01
-2.404879e-01;-1.180036e-01
-2.404879e-01;-1.180036e-01
-2.404879e-01;-1.180036e-01
-2.404879e-01;-1.180036e-01
-3.088609e-01;-4.325503e-01
-3.088609e-01;-4.325503e-01
-3.088609e-01;-4.325503e-01
-3.088609e-01;-4.325503e-01
-3.088609e-01;-4.325503e-01
-3.088609e-01;-4.325503e-01
6.098248e-01;-4.213010e-01
6.098248e-01;-4.213010e-01
6.098248e-01;-4.213010e-01
6.098248e-01;-4.213010e-01
3.569450e-01;-3.006797e-01
3.569450e-01;-3.006797e-01
3.569450e-01;-3.006797e-01
3.569450e-01;-3.006797e-01
3.569450e-01;-3.006797e-01
3.569450e-01;-3.006797e-01
2.706082e-01;-2.593182e-01
2.706082e-01;-2.593182e-01
2.706082e-01;-2.593182e-01
2.706082e-01;-2.593182e-01
2.706082e-01;-2.593182e-01
2.706082e-01;-2.593182e-01
9.771748e-02;-1.822218e-01
9.771748e-02;-1.822218e-01
9.771748e-02;-1.822218e-01
9.771748e-02;-1.822218e-01
9.771748e-02;-1.822218e-01
9.771748e-02;-1.822218e-01
-2.773684e-01;-2.681592e-03
-2.773684e-01;-2.681592e-03
-2.773684e-01;-2.681592e-03
-2.773684e-01;-2.681592e-03
-8.117550e-01;4.607084e-01
-8.117550e-01;4.607084e-01
-2.372890e-01;-1.033544e-01
-2.372890e-01;-1.033544e-01
-2.372890e-01;-1.033544e-01
-2.372890e-01;-1.033544e-01
-3.580590e-01;-5.148601e-03
-3.580590e-01;-5.148601e-03
-3.580590e-01;-5.148601e-03
-3.580590e-01;-5.148601e-03
-3.580590e-01;-5.148601e-03
-3.580590e-01;-5.148601e-03
-2.570862e-01;-3.858584e-01
-2.570862e-01;-3.858584e-01
-2.570862e-01;-3.858584e-01
-2.570862e-01;-3.858584e-01
-2.570862e-01;-3.858584e-01
-2.570862e-01;-3.858584e-01
-3.119966e-01;-1.497291e-01
-3.119966e-01;-1.497291e-01
-3.119966e-01;-1.497291e-01
-3.119966e-01;-1.497291e-01
-3.119966e-01;-1.497291e-01
-3.119966e-01;-1.497291e-01
-5.514527e-01;-5.759209e-01
-5.514527e-01;-5.759209e-01
-5.514527e-01;-5.759209e-01
-5.514527e-01;-5.759209e-01
-5.504512e-01;-8.298925e-01
-5.504512e-01;-8.298925e-01
-5.504512e-01;-8.298925e-01
-5.504512e-01;-8.298925e-01
-5.504512e-01;-8.298925e-01
-5.504512e-01;-8.298925e-01
-7.193734e-01;-5.572734e-01
-7.193734e-01;-5.572734e-01
-7.193734e-01;-5.572734e-01
-7.193734e-01;-5.572734e-01
-7.193734e-01;-5.572734e-01
-7.193734e-01;-5.572734e-01
-7.536686e-01;-4.831283e-01
-7.536686e-01;-4.831283e-01
-7.536686e-01;-4.831283e-01
-7.536686e-01;-4.831283e-01
-7.536686e-01;-4.831283e-01
-7.536686e-01;-4.831283e-01
-5.087633e-01;-6.859702e-01
-5.087633e-01;-6.859702e-01
-5.087633e-01;-6.859702e-01
-5.087633e-01;-6.859702e-01
-7.181516e-02;-1.000000e+00
-7.181516e-02;-1.000000e+00
-2.861351e-01;-5.749215e-01
-2.861351e-01;-5.749215e-01
-2.861351e-01;-5.749215e-01
-2.861351e-01;-5.749215e-01
-4.093917e-01;-3.694342e-01
-4.093917e-01;-3.694342e-01
-4.093917e-01;-3.694342e-01
-4.093917e-01;-3.694342e-01
-4.093917e-01;-3.694342e-01
-4.093917e-01;-3.694342e-01
-5.011095e-01;-3.469305e-02
-5.011095e-01;-3.469305e-02
-5.011095e-01;-3.469305e-02
-5.011095e-01;-3.469305e-02
-5.011095e-01;-3.469305e-02
-5.011095e-01;-3.469305e-02
-4.385622e-01;-8.497190e-02
-4.385622e-01;-8.497190e-02
-4.385622e-01;-8.497190e-02
-4.385622e-01;-8.497190e-02
-4.385622e-01;-8.497190e-02
-4.385622e-01;-8.497190e-02
-7.902199e-01;4.896305e-01
-7.902199e-01;4.896305e-01
-7.902199e-01;4.896305e-01
-7.902199e-01;4.896305e-01
-6.437805e-01;5.904966e-01
-6.437805e-01;5.904966e-01
-6.437805e-01;5.904966e-01
-6.437805e-01;5.904966e-01
-6.437805e-01;5.904966e-01
-6.437805e-01;5.904966e-01
-5.291480e-01;1.623142e-01
-5.291480e-01;1.623142e-01
-5.291480e-01;1.623142e-01
-5.291480e-01;1.623142e-01
-5.291480e-01;1.623142e-01
-5.291480e-01;1.623142e-01
-4.238947e-01;3.112317e-02
-4.238947e-01;3.112317e-02
1.333333e-01;-3.794708e-19
1.333333e-01;-3.794708e-19
-2.331623e-02;-7.123568e-02
-2.331623e-02;-7.123568e-02
-2.331623e-02;-7.123568e-02
-1.923903e-01;-8.260255e-02
-1.923903e-01;-8.260255e-02
-1.923903e-01;-8.260255e-02
-2.470887e-01;-3.027852e-01
-2.470887e-01;-3.027852e-01
-2.470887e-01;-3.027852e-01
4.878598e-01;-2.949107e-01
4.878598e-01;-2.949107e-01
2.855560e-01;-2.104758e-01
2.855560e-01;-2.104758e-01
2.855560e-01;-2.104758e-01
2.164866e-01;-1.815227e-01
2.164866e-01;-1.815227e-01
2.164866e-01;-1.815227e-01
7.817398e-02;-1.275552e-01
7.817398e-02;-1.275552e-01
7.817398e-02;-1.275552e-01
-2.218947e-01;-1.877115e-03
-2.218947e-01;-1.877115e-03
-6.494040e-01;3.224959e-01
-1.898312e-01;-7.234806e-02
-1.898312e-01;-7.234806e-02
-2.864472e-01;-3.604021e-03
-2.864472e-01;-3.604021e-03
-2.864472e-01;-3.604021e-03
-2.056689e-01;-2.701009e-01
-2.056689e-01;-2.701009e-01
-2.056689e-01;-2.701009e-01
-2.495973e-01;-1.048103e-01
-2.495973e-01;-1.048103e-01
-2.495973e-01;-1.048103e-01
-4.411622e-01;-4.031447e-01
-4.411622e-01;-4.031447e-01
-4.403610e-01;-5.809247e-01
-4.403610e-01;-5.809247e-01
-4.403610e-01;-5.809247e-01
-5.754988e-01;-3.900914e-01
-5.754988e-01;-3.900914e-01
-5.754988e-01;-3.900914e-01
-6.029348e-01;-3.381898e-01
-6.029348e-01;-3.381898e-01
-6.029348e-01;-3.381898e-01
-4.070107e-01;-4.801791e-01
-4.070107e-01;-4.801791e-01
-5.745212e-02;-8.138417e-01
-2.289081e-01;-4.678951e-01
-2.289081e-01;-4.678951e-01
-3.275134e-01;-3.006609e-01
-3.275134e-01;-3.006609e-01
-3.275134e-01;-3.006609e-01
-4.008876e-01;-2.823465e-02
-4.008876e-01;-2.823465e-02
-4.008876e-01;-2.823465e-02
-3.508498e-01;-6.915368e-02
-3.508498e-01;-6.915368e-02
-3.508498e-01;-6.915368e-02
-6.321759e-01;3.984817e-01
-6.321759e-01;3.984817e-01
-5.150244e-01;4.805708e-01
-5.150244e-01;4.805708e-01
-5.150244e-01;4.805708e-01
-4.233184e-01;1.320981e-01
-4.233184e-01;1.320981e-01
-4.233184e-01;1.320981e-01
-3.391158e-01;2.532934e-02
2.588235e-01;1.875670e-17
2.588235e-01;1.875670e-17
2.588235e-01;1.875670e-17
2.588235e-01;1.875670e-17
2.118536e-02;-1.011169e-03
2.118536e-02;-1.011169e-03
2.118536e-02;-1.011169e-03
2.118536e-02;-1.011169e-03
2.118536e-02;-1.011169e-03
2.118536e-02;-1.011169e-03
2.118536e-02;-1.011169e-03
-2.069123e-01;5.495545e-02
-2.069123e-01;5.495545e-02
-2.069123e-01;5.495545e-02
-2.069123e-01;5.495545e-02
-2.069123e-01;5.495545e-02
-2.069123e-01;5.495545e-02
-2.069123e-01;5.495545e-02
-4.728951e-01;1.329563e-01
-4.728951e-01;1.329563e-01
-4.728951e-01;1.329563e-01
-4.728951e-01;1.329563e-01
-6.795877e-01;2.279299e-01
-6.795877e-01;2.279299e-01
-6.795877e-01;2.279299e-01
-3.603381e-01;3.577682e-01
-3.603381e-01;3.577682e-01
-3.603381e-01;3.577682e-01
-3.603381e-01;3.577682e-01
-2.558134e-01;3.858691e-01
-2.558134e-01;3.858691e-01
-2.558134e-01;3.858691e-01
-2.558134e-01;3.858691e-01
-2.558134e-01;3.858691e-01
-2.558134e-01;3.858691e-01
8.000000e-02;-5.388485e-18
-7.632463e-03;-8.172027e-02
-7.259901e-02;-1.534889e-01
-7.259901e-02;-1.534889e-01
-2.417580e-01;-3.458502e-01
-5.717071e-01;-2.180187e-01
-5.717071e-01;-2.180187e-01
-7.701864e-01;-2.128835e-01
-1.000000e+00;-1.000000e+00
-1.000000e+00;-1.000000e+00
-1.000000e+00;-9.594825e-01
-1.000000e+00;-9.708539e-01
-1.000000e+00;-9.708539e-01
-1.000000e+00;-8.414054e-01
-1.000000e+00;-8.791397e-01
-1.000000e+00;-8.791397e-01
-9.240857e-01;-6.863952e-01
-9.844095e-01;-7.089902e-01
-1.000000e+00;-6.985457e-01
-8.219761e-01;-6.687143e-01
-8.413720e-01;-6.797079e-01
-1.000000e+00;-4.030105e-01
-8.350414e-01;-4.640846e-01
-8.927593e-01;-6.398445e-01
-9.294174e-01;-6.036277e-01
-3.104080e-01;1.838133e-01
-3.093573e-01;1.931718e-01
-3.899639e-01;2.156478e-01
-3.899639e-01;2.156478e-01
-3.919822e-01;2.255093e-01
-3.378114e-01;1.976360e-01
-3.378114e-01;1.976360e-01
-2.596567e-01;1.846673e-01
-1.337832e-01;9.403193e-01
-1.337832e-01;9.403193e-01
-1.698877e-01;8.906357e-01
-3.347297e-01;9.019753e-01
-3.347297e-01;9.019753e-01
-3.483328e-01;6.847759e-01
-4.395635e-01;7.288491e-01
-4.395635e-01;7.288491e-01
-4.710815e-01;8.308697e-01
-4.769548e-01;8.954790e-01
-6.366659e-01;6.619074e-01
-6.892263e-01;4.940161e-01
-6.969985e-01;4.978177e-01
-5.868098e-01;2.592577e-01
1.090329e-01;-1.000000e+00
4.844987e-02;-9.492382e-01
3.619171e-02;-9.128725e-01
-5.335518e-01;-1.000000e+00
-5.176308e-01;-9.817510e-01
-6.590975e-01;-1.000000e+00
-6.590975e-01;-1.000000e+00
-9.028988e-01;-6.545575e-01
-8.521155e-01;-6.715167e-01
-8.521155e-01;-6.715167e-01
-8.911063e-01;-6.746926e-01
-9.046368e-01;-6.706296e-01
-9.046368e-01;-6.706296e-01
-7.360802e-01;-7.114771e-01
-5.541124e-01;-6.971906e-01
-5.541124e-01;-6.971906e-01
-4.728795e-01;-6.768978e-01
-4.064949e-01;-7.003177e-01
-4.064949e-01;-7.003177e-01
-2.687798e-01;-9.792563e-01
-2.810382e-01;-9.752860e-01
-1.471364e-01;-8.809617e-01
-1.158011e-01;-8.712237e-01
-1.477463e-01;-8.605538e-01
-1.010697e-01;-8.406920e-01
-7.918283e-01;1.164208e-01
-7.736081e-01;1.463723e-01
-7.539802e-01;1.118090e-01
-4.620714e-01;6.911233e-01
-5.380133e-01;6.662033e-01
-3.067539e-01;7.758356e-01
-3.067539e-01;7.758356e-01
1.368844e-02;4.809653e-01
1.818427e-02;4.604568e-01
1.818427e-02;4.604568e-01
4.144262e-02;4.340964e-01
6.294034e-02;3.832337e-01
6.294034e-02;3.832337e-01
1.867197e-02;4.370865e-01
2.472134e-02;4.261957e-01
2.472134e-02;4.261957e-01
5.779895e-02;4.058294e-01
8.305829e-03;4.370922e-01
8.305829e-03;4.370922e-01
-3.887956e-02;5.084662e-01
-1.142898e-01;5.990331e-01
-8.646820e-02;5.951249e-01
-1.356538e-01;5.902729e-01
-9.479516e-02;5.789721e-01
-6.981545e-02;5.315656e-01
-1.033317e-01;3.234015e-01
-3.595821e-02;2.743373e-01
-6.864761e-02;2.823935e-01
-1.890632e-01;7.587494e-02
-1.106483e-01;6.573407e-02
-1.904331e-01;7.498742e-02
-1.904331e-01;7.498742e-02
-3.556021e-01;2.597922e-01
-4.390425e-01;3.582203e-01
-4.390425e-01;3.582203e-01
-5.008931e-01;3.925038e-01
-5.009392e-01;4.697660e-01
-5.009392e-01;4.697660e-01
-5.285675e-01;4.634731e-01
-5.376081e-01;4.702755e-01
-5.376081e-01;4.702755e-01
-5.250313e-01;5.089568e-01
-4.610708e-01;5.199997e-01
-4.610708e-01;5.199997e-01
-5.339883e-01;6.638674e-01
-4.012012e-01;5.432091e-01
-3.906928e-01;5.532458e-01
-3.337512e-01;5.407004e-01
-4.727155e-01;5.498503e-01
-4.570162e-01;5.483484e-01
-3.910674e-01;5.419899e-01
-3.835189e-01;6.158199e-01
-3.677818e-01;6.376493e-01
-5.249812e-01;4.626447e-01
-5.320562e-01;4.937957e-01
-5.098327e-01;5.586736e-01
-5.098327e-01;5.586736e-01
-4.748831e-01;3.753580e-01
-4.063647e-01;2.619925e-01
-4.063647e-01;2.619925e-01
-3.826116e-01;2.502056e-01
-4.077188e-01;1.741893e-01
-4.077188e-01;1.741893e-01
-3.599696e-01;1.472191e-01
-3.732529e-01;1.217275e-01
-3.732529e-01;1.217275e-01
-3.511737e-01;1.195737e-01
-3.515169e-01;7.700024e-02
6.666667e-02;-2.683400e-18
-3.027399e-02;-3.791970e-04
-1.180940e-01;2.239161e-02
-1.180940e-01;2.239161e-02
-2.140304e-01;3.180362e-02
-4.986724e-01;2.046055e-01
-4.986724e-01;2.046055e-01
-7.208858e-01;2.407609e-01
-1.000000e+00;2.564494e-01
-1.000000e+00;2.564494e-01
-1.000000e+00;3.092637e-01
-1.000000e+00;3.329177e-01
-1.000000e+00;3.329177e-01
-1.000000e+00;3.560566e-01
-1.000000e+00;3.695814e-01
-1.000000e+00;3.695814e-01
-9.113422e-01;3.178578e-01
-1.000000e+00;3.902755e-01
-1.000000e+00;3.642513e-01
-5.103941e-01;-3.277886e-01
-5.772839e-01;-3.569134e-01
-6.264200e-01;-3.895245e-01
-3.711430e-01;-3.773153e-01
-4.509729e-01;-3.986130e-01
-4.975771e-01;-4.796352e-01
-2.237097e-01;-8.016561e-01
-2.903147e-01;-7.779230e-01
-3.929602e-01;-1.000000e+00
-3.929602e-01;-1.000000e+00
-4.110146e-01;-9.689776e-01
-4.034194e-01;-1.000000e+00
-4.034194e-01;-1.000000e+00
-3.142492e-01;-1.000000e+00
-1.302447e-01;-1.000000e+00
-1.302447e-01;-1.000000e+00
-1.175037e-01;-1.000000e+00
-2.559403e-01;-1.000000e+00
-2.559403e-01;-1.000000e+00
-2.507100e-01;-9.610313e-01
-3.549192e-01;-1.000000e+00
-3.549192e-01;-1.000000e+00
-3.554924e-01;-9.820286e-01
-3.614252e-01;-1.000000e+00
-4.206104e-01;-9.403393e-01
-6.772097e-01;-6.879353e-01
-6.782643e-01;-6.242225e-01
-7.823079e-01;-5.978935e-01
-8.674472e-01;-6.774757e-01
-8.591855e-01;-7.151091e-01
-8.625614e-01;-6.962638e-01
-9.914508e-01;-5.155175e-01
-9.406985e-01;-5.307950e-01
-1.000000e+00;-6.521325e-01
-1.000000e+00;-6.521325e-01
-1.000000e+00;-5.828992e-01
-9.365925e-01;-4.585729e-01
-9.365925e-01;-4.585729e-01
-9.953196e-01;-4.551013e-01
-1.000000e+00;-4.937287e-01
-1.000000e+00;-4.937287e-01
-9.044632e-01;-4.657117e-01
-7.881417e-01;-4.631819e-01
-7.881417e-01;-4.631819e-01
-8.207571e-01;-5.913842e-01
-7.553388e-01;-5.060327e-01
-7.553388e-01;-5.060327e-01
-6.875941e-01;-5.685655e-01
-7.010649e-01;-4.852306e-01
-6.573057e-01;-5.704131e-01
-6.033096e-01;-5.849572e-01
-6.135114e-01;-7.097032e-01
-5.436683e-01;-7.239047e-01
-4.405587e-01;-9.564536e-01
-4.861259e-01;-9.681957e-01
-4.769745e-01;-9.736195e-01
2.400865e-02;-1.000000e+00
-4.102233e-02;-1.000000e+00
8.772144e-02;-7.586411e-01
8.772144e-02;-7.586411e-01
2.008962e-01;-8.337153e-01
1.814662e-01;-8.117064e-01
1.814662e-01;-8.117064e-01
1.797545e-01;-7.512840e-01
1.085340e-01;-5.820985e-01
1.085340e-01;-5.820985e-01
6.494747e-02;-5.343857e-01
8.699400e-02;-5.335227e-01
8.699400e-02;-5.335227e-01
6.557812e-02;-4.562832e-01
3.578515e-03;-5.291342e-01
3.578515e-03;-5.291342e-01
2.017610e-02;-3.960562e-01
2.348638e-02;-4.115374e-01
2.883425e-02;-4.434256e-01
-1.077658e-01;-2.225956e-01
-6.924193e-02;-1.514099e-01
-8.148351e-02;-1.499676e-01
1.483756e-01;8.247883e-02
1.886945e-01;1.464803e-01
1.689494e-01;1.698778e-01
-1.690896e-02;2.095182e-01
-6.062938e-03;2.701107e-01
-1.417504e-02;2.419484e-01
-1.417504e-02;2.419484e-01
-8.310962e-02;2.052095e-01
-1.144708e-01;1.368436e-01
-1.144708e-01;1.368436e-01
-1.399956e-01;1.009348e-01
-8.585929e-02;2.960478e-02
-8.585929e-02;2.960478e-02
-9.019747e-02;1.554117e-02
-9.067766e-02;2.445451e-02
-9.067766e-02;2.445451e-02
-7.625555e-02;5.861208e-02
-9.167819e-03;1.309365e-01
-9.167819e-03;1.309365e-01
-3.702797e-02;1.400198e-01
1.521326e-02;1.469387e-01
1.861145e-02;1.852295e-01
2.742071e-02;1.416283e-01
-1.699427e-01;2.330990e-02
-1.238720e-01;3.659485e-02
-2.765190e-01;-8.159547e-02
-2.865998e-01;-4.018132e-02
-2.977627e-01;-7.702968e-03
-5.846313e-01;-7.858775e-03
-5.473414e-01;-5.732837e-02
-6.001508e-01;-6.729393e-02
-6.001508e-01;-6.729393e-02
-6.481226e-01;-3.326649e-02
-6.306770e-01;-6.045012e-04
-6.306770e-01;-6.045012e-04
-6.197396e-01;-6.276391e-02
-6.212094e-01;-1.348662e-01
-6.212094e-01;-1.348662e-01
-6.210565e-01;-5.645361e-02
-6.287846e-01;-4.903778e-02
-6.287846e-01;-4.903778e-02
-6.101634e-01;-6.687791e-02
-5.846040e-01;-1.254006e-01
6.666667e-02;7.340952e-18
-3.043479e-02;-5.983931e-04
-1.316213e-01;-3.896110e-03
-1.316213e-01;-3.896110e-03
-2.295644e-01;5.792891e-03
-4.483584e-01;9.310817e-02
-4.483584e-01;9.310817e-02
-6.486005e-01;1.369461e-01
-1.000000e+00;2.825715e-01
-1.000000e+00;2.825715e-01
-1.000000e+00;3.970259e-01
-1.000000e+00;3.452450e-01
-1.000000e+00;3.452450e-01
-1.000000e+00;3.464647e-01
-1.000000e+00;4.058190e-01
-1.000000e+00;4.058190e-01
-9.209924e-01;3.097816e-01
-1.000000e+00;3.420240e-01
-1.000000e+00;4.089118e-01
-6.054262e-01;2.371608e-01
-6.556838e-01;2.331189e-01
-7.003009e-01;1.949792e-01
-3.541356e-01;6.925701e-02
-4.222386e-01;3.735349e-02
-4.668599e-01;1.916788e-02
-2.015501e-01;-3.415610e-01
-2.356385e-01;-4.148272e-01
-3.558456e-01;-4.421948e-01
-3.558456e-01;-4.421948e-01
-3.646467e-01;-5.074539e-01
-3.999186e-01;-7.093315e-01
-3.999186e-01;-7.093315e-01
-3.317304e-01;-7.399125e-01
-1.075784e-01;-9.068629e-01
-1.075784e-01;-9.068629e-01
-9.383265e-02;-1.000000e+00
-2.376158e-01;-1.000000e+00
-2.376158e-01;-1.000000e+00
-2.184772e-01;-9.697242e-01
-3.001142e-01;-1.000000e+00
-3.001142e-01;-1.000000e+00
-2.984350e-01;-9.203430e-01
-2.574385e-01;-1.000000e+00
-2.935216e-01;-1.000000e+00
-3.781256e-01;-1.000000e+00
-3.933927e-01;-9.527822e-01
-4.730598e-01;-9.607965e-01
-6.519791e-01;-8.970096e-01
-6.735484e-01;-8.494311e-01
-6.797728e-01;-8.424744e-01
-8.353179e-01;-5.513473e-01
-8.270766e-01;-4.718189e-01
-8.464422e-01;-4.705910e-01
-8.464422e-01;-4.705910e-01
-9.267031e-01;-4.660363e-01
-8.413576e-01;-4.183226e-01
-8.413576e-01;-4.183226e-01
-8.976062e-01;-4.321067e-01
-9.263631e-01;-4.448342e-01
-9.263631e-01;-4.448342e-01
-8.304070e-01;-3.581811e-01
-7.100509e-01;-2.498999e-01
-7.100509e-01;-2.498999e-01
-7.638334e-01;-3.864700e-01
-6.878821e-01;-3.283175e-01
-6.878821e-01;-3.283175e-01
-5.977765e-01;-4.461176e-01
-6.364899e-01;-4.286706e-01
-6.006378e-01;-5.276180e-01
-6.583270e-01;-2.139673e-01
-6.679285e-01;-4.060000e-01
-6.379198e-01;-4.212222e-01
-5.753615e-01;-5.319654e-01
-6.413688e-01;-7.438569e-01
-6.445293e-01;-7.324188e-01
-2.108389e-01;-7.971660e-01
-2.560808e-01;-8.752717e-01
-1.505952e-01;-8.371951e-01
-1.505952e-01;-8.371951e-01
-8.605422e-02;-7.419100e-01
-1.139101e-01;-7.226870e-01
-1.139101e-01;-7.226870e-01
-9.436153e-02;-6.897922e-01
-1.269640e-01;-6.428382e-01
-1.269640e-01;-6.428382e-01
-1.734372e-01;-5.814433e-01
-1.454270e-01;-6.018354e-01
-1.454270e-01;-6.018354e-01
-1.566387e-01;-4.758427e-01
-2.205254e-01;-6.049795e-01
-2.205254e-01;-6.049795e-01
-2.067764e-01;-4.903582e-01
-2.132612e-01;-5.450332e-01
-2.092572e-01;-5.277390e-01
-2.335685e-01;-5.685567e-01
-2.001462e-01;-4.155510e-01
-1.917011e-01;-3.582248e-01
1.132760e-01;-6.236089e-01
2.005608e-01;-4.284241e-01
1.895546e-01;-4.898843e-01
3.220652e-02;-3.977634e-01
2.187184e-02;-3.236278e-01
1.897263e-02;-3.775510e-01
1.897263e-02;-3.775510e-01
-1.156546e-02;-4.425956e-01
-4.430743e-02;-4.590467e-01
-4.430743e-02;-4.590467e-01
-1.188723e-01;-4.558859e-01
-7.899951e-02;-4.363379e-01
-7.899951e-02;-4.363379e-01
-8.345615e-02;-4.902590e-01
-7.146008e-02;-5.301224e-01
-7.146008e-02;-5.301224e-01
-8.700832e-02;-4.810623e-01
-2.437381e-02;-3.192434e-01
-2.437381e-02;-3.192434e-01
-3.873668e-02;-1.960093e-01
5.818712e-03;-1.434286e-01
1.718772e-02;-1.576314e-01
-1.639509e-02;-1.142360e-01
-1.917058e-01;-2.146364e-01
-1.651445e-01;-1.970566e-01
-2.723859e-01;1.501579e-01
-3.054015e-01;2.315156e-01
-3.089449e-01;3.426004e-01
-4.886875e-01;2.594882e-01
-4.807158e-01;2.486966e-01
-5.374026e-01;3.991033e-01
-5.374026e-01;3.991033e-01
-5.973166e-01;3.559499e-01
-6.181698e-01;4.181828e-01
-6.181698e-01;4.181828e-01
-5.865535e-01;3.565245e-01
-5.872427e-01;3.036745e-01
-5.872427e-01;3.036745e-01
-6.038780e-01;3.851966e-01
-6.204288e-01;4.144319e-01
-6.204288e-01;4.144319e-01
-5.643497e-01;3.277631e-01
-5.394537e-01;2.516572e-01
6.666667e-02;7.340952e-18
-3.043479e-02;-5.983931e-04
-1.316213e-01;-3.896110e-03
-1.316213e-01;-3.896110e-03
-2.295644e-01;5.792891e-03
-4.483584e-01;9.310817e-02
-4.483584e-01;9.310817e-02
-6.486005e-01;1.369461e-01
-1.000000e+00;2.825715e-01
-1.000000e+00;2.825715e-01
-1.000000e+00;3.970259e-01
-1.000000e+00;3.452450e-01
-1.000000e+00;3.452450e-01
-1.000000e+00;3.464647e-01
-1.000000e+00;4.058190e-01
-1.000000e+00;4.058190e-01
-9.209924e-01;3.097816e-01
-1.000000e+00;3.420240e-01
-1.000000e+00;4.089118e-01
-6.054262e-01;2.371608e-01
-6.556838e-01;2.331189e-01
-7.003009e-01;1.949792e-01
-3.541356e-01;6.925701e-02
-4.222386e-01;3.735349e-02
-4.668599e-01;1.916788e-02
-2.015501e-01;-3.415610e-01
-2.356385e-01;-4.148272e-01
-3.558456e-01;-4.421948e-01
-3.558456e-01;-4.421948e-01
-3.646467e-01;-5.074539e-01
-3.999186e-01;-7.093315e-01
-3.999186e-01;-7.093315e-01
-3.317304e-01;-7.399125e-01
-1.075784e-01;-9.068629e-01
-1.075784e-01;-9.068629e-01
-9.383265e-02;-1.000000e+00
-2.376158e-01;-1.000000e+00
-2.376158e-01;-1.000000e+00
-2.184772e-01;-9.697242e-01
-3.001142e-01;-1.000000e+00
-3.001142e-01;-1.000000e+00
-2.984350e-01;-9.203430e-01
-2.574385e-01;-1.000000e+00
-2.935216e-01;-1.000000e+00
-3.781256e-01;-1.000000e+00
-3.933927e-01;-9.527822e-01
-4.730598e-01;-9.607965e-01
-6.519791e-01;-8.970096e-01
-6.735484e-01;-8.494311e-01
-6.797728e-01;-8.424744e-01
-8.353179e-01;-5.513473e-01
-8.270766e-01;-4.718189e-01
-8.464422e-01;-4.705910e-01
-8.464422e-01;-4.705910e-01
-9.267031e-01;-4.660363e-01
-8.413576e-01;-4.183226e-01
-8.413576e-01;-4.183226e-01
-8.976062e-01;-4.321067e-01
-9.263631e-01;-4.448342e-01
-9.263631e-01;-4.448342e-01
-8.304070e-01;-3.581811e-01
-7.100509e-01;-2.498999e-01
-7.100509e-01;-2.498999e-01
-7.638334e-01;-3.864700e-01
-6.878821e-01;-3.283175e-01
-6.878821e-01;-3.283175e-01
-5.977765e-01;-4.461176e-01
-6.364899e-01;-4.286706e-01
-6.006378e-01;-5.276180e-01
-6.583270e-01;-2.139673e-01
-6.679285e-01;-4.060000e-01
-6.379198e-01;-4.212222e-01
-5.753615e-01;-5.319654e-01
-6.413688e-01;-7.438569e-01
-6.445293e-01;-7.324188e-01
-2.108389e-01;-7.971660e-01
-2.560808e-01;-8.752717e-01
-1.505952e-01;-8.371951e-01
-1.505952e-01;-8.371951e-01
-8.605422e-02;-7.419100e-01
-1.139101e-01;-7.226870e-01
-1.139101e-01;-7.226870e-01
-9.436153e-02;-6.897922e-01
-1.269640e-01;-6.428382e-01
-1.269640e-01;-6.428382e-01
-1.734372e-01;-5.814433e-01
-1.454270e-01;-6.018354e-01
-1.454270e-01;-6.018354e-01
-1.566387e-01;-4.758427e-01
-2.205254e-01;-6.049795e-01
-2.205254e-01;-6.049795e-01
-2.067764e-01;-4.903582e-01
-2.132612e-01;-5.450332e-01
-2.092572e-01;-5.277390e-01
-2.335685e-01;-5.685567e-01
-2.001462e-01;-4.155510e-01
-1.917011e-01;-3.582248e-01
1.132760e-01;-6.236089e-01
2.005608e-01;-4.284241e-01
1.895546e-01;-4.898843e-01
3.220652e-02;-3.977634e-01
2.187184e-02;-3.236278e-01
1.897263e-02;-3.775510e-01
1.897263e-02;-3.775510e-01
-1.156546e-02;-4.425956e-01
-4.430743e-02;-4.590467e-01
-4.430743e-02;-4.590467e-01
-1.188723e-01;-4.558859e-01
-7.899951e-02;-4.363379e-01
-7.899951e-02;-4.363379e-01
-8.345615e-02;-4.902590e-01
-7.146008e-02;-5.301224e-01
-7.146008e-02;-5.301224e-01
-8.700832e-02;-4.810623e-01
-2.437381e-02;-3.192434e-01
-2.437381e-02;-3.192434e-01
-3.873668e-02;-1.960093e-01
5.818712e-03;-1.434286e-01
1.718772e-02;-1.576314e-01
-1.639509e-02;-1.142360e-01
-1.917058e-01;-2.146364e-01
-1.651445e-01;-1.970566e-01
-2.723859e-01;1.501579e-01
-3.054015e-01;2.315156e-01
-3.089449e-01;3.426004e-01
-4.886875e-01;2.594882e-01
-4.807158e-01;2.486966e-01
-5.374026e-01;3.991033e-01
-5.374026e-01;3.991033e-01
-5.973166e-01;3.559499e-01
-6.181698e-01;4.181828e-01
-6.181698e-01;4.181828e-01
-5.865535e-01;3.565245e-01
-5.872427e-01;3.036745e-01
-5.872427e-01;3.036745e-01
-6.038780e-01;3.851966e-01
-6.204288e-01;4.144319e-01
-6.204288e-01;4.144319e-01
-5.643497e-01;3.277631e-01
-5.394537e-01;2.516572e-01
6.666667e-02;7.340952e-18
-3.043479e-02;-5.983931e-04
-1.316213e-01;-3.896110e-03
-1.316213e-01;-3.896110e-03
-2.295644e-01;5.792891e-03
-4.483584e-01;9.310817e-02
-4.483584e-01;9.310817e-02
-6.486005e-01;1.369461e-01
-1.000000e+00;2.825715e-01
-1.000000e+00;2.825715e-01
-1.000000e+00;3.970259e-01
-1.000000e+00;3.452450e-01
-1.000000e+00;3.452450e-01
-1.000000e+00;3.464647e-01
-1.000000e+00;4.058190e-01
-1.000000e+00;4.058190e-01
-9.209924e-01;3.097816e-01
-1.000000e+00;3.420240e-01
-1.000000e+00;4.089118e-01
-6.054262e-01;2.371608e-01
-6.556838e-01;2.331189e-01
-7.003009e-01;1.949792e-01
-3.541356e-01;6.925701e-02
-4.222386e-01;3.735349e-02
-4.668599e-01;1.916788e-02
-2.015501e-01;-3.415610e-01
-2.356385e-01;-4.148272e-01
-3.558456e-01;-4.421948e-01
-3.558456e-01;-4.421948e-01
-3.646467e-01;-5.074539e-01
-3.999186e-01;-7.093315e-01
-3.999186e-01;-7.093315e-01
-3.317304e-01;-7.399125e-01
-1.075784e-01;-9.068629e-01
-1.075784e-01;-9.068629e-01
-9.383265e-02;-1.000000e+00
-2.376158e-01;-1.000000e+00
-2.376158e-01;-1.000000e+00
-2.184772e-01;-9.697242e-01
-3.001142e-01;-1.000000e+00
-3.001142e-01;-1.000000e+00
-2.984350e-01;-9.203430e-01
-2.574385e-01;-1.000000e+00
-2.935216e-01;-1.000000e+00
-3.781256e-01;-1.000000e+00
-3.933927e-01;-9.527822e-01
-4.730598e-01;-9.607965e-01
-6.519791e-01;-8.970096e-01
-6.735484e-01;-8.494311e-01
-6.797728e-01;-8.424744e-01
-8.353179e-01;-5.513473e-01
-8.270766e-01;-4.718189e-01
-8.464422e-01;-4.705910e-01
-8.464422e-01;-4.705910e-01
-9.267031e-01;-4.660363e-01
-8.413576e-01;-4.183226e-01
-8.413576e-01;-4.183226e-01
-8.976062e-01;-4.321067e-01
-9.263631e-01;-4.448342e-01
-9.263631e-01;-4.448342e-01
-8.304070e-01;-3.581811e-01
-7.100509e-01;-2.498999e-01
-7.100509e-01;-2.498999e-01
-7.638334e-01;-3.864700e-01
-6.878821e-01;-3.283175e-01
-6.878821e-01;-3.283175e-01
-5.977765e-01;-4.461176e-01
-6.364899e-01;-4.286706e-01
-6.006378e-01;-5.276180e-01
-6.583270e-01;-2.139673e-01
-6.679285e-01;-4.060000e-01
-6.379198e-01;-4.212222e-01
-5.753615e-01;-5.319654e-01
-6.413688e-01;-7.438569e-01
-6.445293e-01;-7.324188e-01
-2.108389e-01;-7.971660e-01
-2.560808e-01;-8.752717e-01
-1.505952e-01;-8.371951e-01
-1.505952e-01;-8.371951e-01
-8.605422e-02;-7.419100e-01
-1.139101e-01;-7.226870e-01
-1.139101e-01;-7.226870e-01
-9.436153e-02;-6.897922e-01
-1.269640e-01;-6.428382e-01
-1.269640e-01;-6.428382e-01
-1.734372e-01;-5.814433e-01
-1.454270e-01;-6.018354e-01
-1.454270e-01;-6.018354e-01
-1.566387e-01;-4.758427e-01
-2.205254e-01;-6.049795e-01
-2.205254e-01;-6.049795e-01
-2.067764e-01;-4.903582e-01
-2.132612e-01;-5.450332e-01
-2.092572e-01;-5.277390e-01
-2.335685e-01;-5.685567e-01
-2.001462e-01;-4.155510e-01
-1.917011e-01;-3.582248e-01
1.132760e-01;-6.236089e-01
2.005608e-01;-4.284241e-01
1.895546e-01;-4.898843e-01
3.220652e-02;-3.977634e-01
2.187184e-02;-3.236278e-01
1.897263e-02;-3.775510e-01
1.897263e-02;-3.775510e-01
-1.156546e-02;-4.425956e-01
-4.430743e-02;-4.590467e-01
-4.430743e-02;-4.590467e-01
-1.188723e-01;-4.558859e-01
-7.899951e-02;-4.363379e-01
-7.899951e-02;-4.363379e-01
-8.345615e-02;-4.902590e-01
-7.146008e-02;-5.301224e-01
-7.146008e-02;-5.301224e-01
-8.700832e-02;-4.810623e-01
-2.437381e-02;-3.192434e-01
-2.437381e-02;-3.192434e-01
-3.873668e-02;-1.960093e-01
5.818712e-03;-1.434286e-01
1.718772e-02;-1.576314e-01
-1.639509e-02;-1.142360e-01
-1.917058e-01;-2.146364e-01
-1.651445e-01;-1.970566e-01
-2.723859e-01;1.501579e-01
-3.054015e-01;2.315156e-01
-3.089449e-01;3.426004e-01
-4.886875e-01;2.594882e-01
-4.807158e-01;2.486966e-01
-5.374026e-01;3.991033e-01
-5.374026e-01;3.991033e-01
-5.973166e-01;3.559499e-01
-6.181698e-01;4.181828e-01
-6.181698e-01;4.181828e-01
-5.865535e-01;3.565245e-01
-5.872427e-01;3.036745e-01
-5.872427e-01;3.036745e-01
-6.038780e-01;3.851966e-01
-6.204288e-01;4.144319e-01
-6.204288e-01;4.144319e-01
-5.643497e-01;3.277631e-01
-5.394537e-01;2.516572e-01
4.242424e-01;-1.081442e-16
4.242424e-01;-1.081442e-16
4.242424e-01;-1.081442e-16
4.242424e-01;-1.081442e-16
4.242424e-01;-1.081442e-16
4.242424e-01;-1.081442e-16
4.242424e-01;-1.081442e-16
4.242424e-01;-1.081442e-16
4.242424e-01;-1.081442e-16
-1.263987e-02;-9.097590e-02
-1.263987e-02;-9.097590e-02
-1.263987e-02;-9.097590e-02
-1.263987e-02;-9.097590e-02
-1.263987e-02;-9.097590e-02
-1.263987e-02;-9.097590e-02
-1.263987e-02;-9.097590e-02
-1.263987e-02;-9.097590e-02
-1.263987e-02;-9.097590e-02
7.777778e-02;3.972123e-18
7.777778e-02;3.972123e-18
-1.257334e-02;-4.531723e-02
-1.257334e-02;-4.531723e-02
-1.257334e-02;-4.531723e-02
-1.347812e-01;-6.582832e-02
-1.347812e-01;-6.582832e-02
-1.347812e-01;-6.582832e-02
-1.746738e-01;-1.758730e-01
-1.746738e-01;-1.758730e-01
-1.746738e-01;-1.758730e-01
2.532881e-01;-1.121290e-01
2.532881e-01;-1.121290e-01
1.254271e-01;-7.827855e-02
1.254271e-01;-7.827855e-02
1.254271e-01;-7.827855e-02
6.904565e-02;-3.689109e-02
6.904565e-02;-3.689109e-02
6.904565e-02;-3.689109e-02
-1.393239e-02;6.548315e-03
-1.393239e-02;6.548315e-03
-1.393239e-02;6.548315e-03
-1.959017e-01;1.029970e-01
-1.959017e-01;1.029970e-01
-4.021555e-01;2.046420e-01
-7.307733e-02;-1.014409e-01
-7.307733e-02;-1.014409e-01
-1.121663e-01;-5.237562e-02
-1.121663e-01;-5.237562e-02
-1.121663e-01;-5.237562e-02
-5.210078e-02;-1.359309e-01
-5.210078e-02;-1.359309e-01
-5.210078e-02;-1.359309e-01
-8.825942e-02;3.542196e-03
-8.825942e-02;3.542196e-03
-8.825942e-02;3.542196e-03
-2.027367e-01;-1.801325e-01
-2.027367e-01;-1.801325e-01
-2.053425e-01;-2.736342e-01
-2.053425e-01;-2.736342e-01
-2.053425e-01;-2.736342e-01
-2.639109e-01;-2.137563e-01
-2.639109e-01;-2.137563e-01
-2.639109e-01;-2.137563e-01
-2.837595e-01;-1.843912e-01
-2.837595e-01;-1.843912e-01
-2.837595e-01;-1.843912e-01
-1.690741e-01;-2.892570e-01
-1.690741e-01;-2.892570e-01
-1.884956e-02;-4.067388e-01
-1.673607e-01;-1.021586e-01
-1.673607e-01;-1.021586e-01
-2.562016e-01;-6.787394e-02
-2.562016e-01;-6.787394e-02
-2.562016e-01;-6.787394e-02
-3.135254e-01;5.085344e-02
-3.135254e-01;5.085344e-02
-3.135254e-01;5.085344e-02
-2.663588e-01;9.285876e-03
-2.663588e-01;9.285876e-03
-2.663588e-01;9.285876e-03
-3.997734e-01;2.590753e-01
-3.997734e-01;2.590753e-01
-3.272054e-01;3.242737e-01
-3.272054e-01;3.242737e-01
-3.272054e-01;3.242737e-01
-2.904722e-01;1.290734e-01
-2.904722e-01;1.290734e-01
-2.904722e-01;1.290734e-01
-2.416581e-01;5.843341e-02
4.444444e-02;-2.291609e-18
4.444444e-02;-2.291609e-18
-2.300345e-02;-3.708710e-02
-2.300345e-02;-3.708710e-02
-2.300345e-02;-3.708710e-02
-1.237683e-01;-5.880941e-02
-1.237683e-01;-5.880941e-02
-1.237683e-01;-5.880941e-02
-1.480454e-01;-1.088803e-01
-1.480454e-01;-1.088803e-01
-1.480454e-01;-1.088803e-01
7.465769e-02;9.194468e-02
7.465769e-02;9.194468e-02
1.164840e-03;1.181575e-01
1.164840e-03;1.181575e-01
1.164840e-03;1.181575e-01
-4.225431e-02;1.448735e-01
-4.225431e-02;1.448735e-01
-4.225431e-02;1.448735e-01
-6.175741e-02;1.459864e-01
-6.175741e-02;1.459864e-01
-6.175741e-02;1.459864e-01
-1.534663e-01;2.031974e-01
-1.534663e-01;2.031974e-01
-2.671442e-01;2.360709e-01
-7.015843e-02;1.308641e-01
-7.015843e-02;1.308641e-01
-5.869731e-02;1.900481e-01
-5.869731e-02;1.900481e-01
-5.869731e-02;1.900481e-01
1.994800e-02;1.698000e-01
1.994800e-02;1.698000e-01
1.994800e-02;1.698000e-01
-1.109356e-02;2.452009e-01
-1.109356e-02;2.452009e-01
-1.109356e-02;2.452009e-01
-7.682392e-02;-4.481280e-02
-7.682392e-02;-4.481280e-02
-1.142594e-01;-1.104905e-01
-1.142594e-01;-1.104905e-01
-1.142594e-01;-1.104905e-01
-1.650753e-01;-5.385006e-02
-1.650753e-01;-5.385006e-02
-1.650753e-01;-5.385006e-02
-2.293115e-01;9.337052e-04
-2.293115e-01;9.337052e-04
-2.293115e-01;9.337052e-04
-1.724686e-01;-6.220543e-02
-1.724686e-01;-6.220543e-02
-1.026316e-01;-9.240567e-02
-1.927119e-01;1.272301e-02
-1.927119e-01;1.272301e-02
-2.555816e-01;2.003277e-02
-2.555816e-01;2.003277e-02
-2.555816e-01;2.003277e-02
-2.889321e-01;6.698893e-02
-2.889321e-01;6.698893e-02
-2.889321e-01;6.698893e-02
-2.510115e-01;3.774754e-02
-2.510115e-01;3.774754e-02
-2.510115e-01;3.774754e-02
-2.951456e-01;1.339651e-01
-2.951456e-01;1.339651e-01
-2.348714e-01;1.822637e-01
-2.348714e-01;1.822637e-01
-2.348714e-01;1.822637e-01
-1.825396e-01;5.043809e-02
-1.825396e-01;5.043809e-02
-1.825396e-01;5.043809e-02
-1.259432e-01;-3.284010e-03
1.000000e-01;-1.313856e-17
1.000000e-01;-1.313856e-17
-9.319933e-02;1.415400e-02
-9.319933e-02;1.415400e-02
-9.319933e-02;1.415400e-02
-1.000000e+00;5.744805e-02
-1.000000e+00;5.744805e-02
-1.000000e+00;5.744805e-02
-1.000000e+00;-1.851469e-01
-1.000000e+00;-1.851469e-01
-1.000000e+00;-1.851469e-01
8.542212e-02;-3.194487e-01
8.542212e-02;-3.194487e-01
-2.453504e-01;-2.061452e-01
-2.453504e-01;-2.061452e-01
-2.453504e-01;-2.061452e-01
-3.535444e-01;-1.763724e-01
-3.535444e-01;-1.763724e-01
-3.535444e-01;-1.763724e-01
-6.352674e-01;-6.749391e-02
-6.352674e-01;-6.749391e-02
-6.352674e-01;-6.749391e-02
-1.000000e+00;-2.271824e-01
-1.000000e+00;-2.271824e-01
-1.000000e+00;-6.078795e-02
-7.061250e-01;-6.345314e-01
-7.061250e-01;-6.345314e-01
-7.483319e-01;-6.357078e-01
-7.483319e-01;-6.357078e-01
-7.483319e-01;-6.357078e-01
-3.258759e-01;-1.000000e+00
-3.258759e-01;-1.000000e+00
-3.258759e-01;-1.000000e+00
-3.455093e-01;-8.855009e-01
-3.455093e-01;-8.855009e-01
-3.455093e-01;-8.855009e-01
-7.911740e-01;-8.002102e-01
-7.911740e-01;-8.002102e-01
-6.839790e-01;-9.840891e-01
-6.839790e-01;-9.840891e-01
-6.839790e-01;-9.840891e-01
-7.024691e-01;-9.610061e-01
-7.024691e-01;-9.610061e-01
-7.024691e-01;-9.610061e-01
-5.953127e-01;-9.909043e-01
-5.953127e-01;-9.909043e-01
-5.953127e-01;-9.909043e-01
-3.146411e-01;-9.070789e-01
-3.146411e-01;-9.070789e-01
-1.189146e-01;-9.954037e-01
-8.235469e-02;-5.147117e-01
-8.235469e-02;-5.147117e-01
-7.383676e-02;-5.029472e-01
-7.383676e-02;-5.029472e-01
-7.383676e-02;-5.029472e-01
-1.806681e-02;1.525461e-01
-1.806681e-02;1.525461e-01
-1.806681e-02;1.525461e-01
1.634774e-02;1.607907e-01
1.634774e-02;1.607907e-01
1.634774e-02;1.607907e-01
-8.058297e-02;2.357141e-01
-8.058297e-02;2.357141e-01
-2.681553e-02;3.131194e-01
-2.681553e-02;3.131194e-01
-2.681553e-02;3.131194e-01
9.744900e-03;2.107555e-01
9.744900e-03;2.107555e-01
9.744900e-03;2.107555e-01
4.519552e-02;1.934812e-01
4.444444e-02;-2.291609e-18
4.444444e-02;-2.291609e-18
-1.388295e-02;-1.047253e-02
-1.388295e-02;-1.047253e-02
-1.388295e-02;-1.047253e-02
-9.797923e-02;-1.029480e-02
-9.797923e-02;-1.029480e-02
-9.797923e-02;-1.029480e-02
-1.215516e-01;-1.513406e-02
-1.215516e-01;-1.513406e-02
-1.215516e-01;-1.513406e-02
7.905089e-02;1.230570e-01
7.905089e-02;1.230570e-01
1.780663e-02;1.073805e-01
1.780663e-02;1.073805e-01
1.780663e-02;1.073805e-01
-1.579818e-02;1.113622e-01
-1.579818e-02;1.113622e-01
-1.579818e-02;1.113622e-01
-2.972062e-02;1.150770e-01
-2.972062e-02;1.150770e-01
-2.972062e-02;1.150770e-01
-6.011958e-02;1.420182e-01
-6.011958e-02;1.420182e-01
-1.151061e-01;1.749778e-01
4.799527e-02;6.028389e-02
4.799527e-02;6.028389e-02
6.125273e-02;1.031821e-01
6.125273e-02;1.031821e-01
6.125273e-02;1.031821e-01
1.247209e-01;1.056864e-01
1.247209e-01;1.056864e-01
1.247209e-01;1.056864e-01
9.432726e-02;1.347795e-01
9.432726e-02;1.347795e-01
9.432726e-02;1.347795e-01
6.762083e-02;-1.704574e-01
6.762083e-02;-1.704574e-01
1.216275e-02;-1.774665e-01
1.216275e-02;-1.774665e-01
1.216275e-02;-1.774665e-01
-2.836288e-02;-1.092451e-01
-2.836288e-02;-1.092451e-01
-2.836288e-02;-1.092451e-01
-8.064820e-02;-6.470790e-02
-8.064820e-02;-6.470790e-02
-8.064820e-02;-6.470790e-02
-8.368398e-02;-9.594924e-02
-8.368398e-02;-9.594924e-02
-7.556608e-02;-1.257109e-01
-1.019089e-01;-1.441483e-01
-1.019089e-01;-1.441483e-01
-8.864827e-02;-1.867172e-01
-8.864827e-02;-1.867172e-01
-8.864827e-02;-1.867172e-01
-9.259853e-02;-1.896032e-01
-9.259853e-02;-1.896032e-01
-9.259853e-02;-1.896032e-01
-5.652240e-02;-2.049652e-01
-5.652240e-02;-2.049652e-01
-5.652240e-02;-2.049652e-01
-1.545543e-01;-6.999245e-02
-1.545543e-01;-6.999245e-02
-6.923753e-02;-4.969508e-02
-6.923753e-02;-4.969508e-02
-6.923753e-02;-4.969508e-02
-1.696657e-02;-1.266965e-01
-1.696657e-02;-1.266965e-01
-1.696657e-02;-1.266965e-01
1.770850e-02;-1.743894e-01
9.090909e-02;1.293158e-17
9.090909e-02;1.293158e-17
-5.780607e-02;-1.476482e-01
-5.780607e-02;-1.476482e-01
-5.780607e-02;-1.476482e-01
-2.169839e-01;-1.778044e-01
-2.169839e-01;-1.778044e-01
-2.169839e-01;-1.778044e-01
-2.913192e-01;-3.214076e-01
-2.913192e-01;-3.214076e-01
-2.913192e-01;-3.214076e-01
4.394057e-01;-1.401619e-01
4.394057e-01;-1.401619e-01
1.866058e-01;-5.215377e-02
1.866058e-01;-5.215377e-02
1.866058e-01;-5.215377e-02
5.755769e-02;8.953041e-02
5.755769e-02;8.953041e-02
5.755769e-02;8.953041e-02
-5.472308e-02;1.480147e-01
-5.472308e-02;1.480147e-01
-5.472308e-02;1.480147e-01
-3.133626e-01;2.565201e-01
-3.133626e-01;2.565201e-01
-6.033529e-01;3.513171e-01
1.766132e-01;-3.282434e-01
1.766132e-01;-3.282434e-01
1.022430e-01;-1.861714e-01
1.022430e-01;-1.861714e-01
1.022430e-01;-1.861714e-01
2.017891e-01;-2.984924e-01
2.017891e-01;-2.984924e-01
2.017891e-01;-2.984924e-01
1.309884e-01;-6.175133e-02
1.309884e-01;-6.175133e-02
1.309884e-01;-6.175133e-02
-1.994254e-01;-1.527615e-01
-1.994254e-01;-1.527615e-01
-1.409062e-01;-2.680518e-01
-1.409062e-01;-2.680518e-01
-1.409062e-01;-2.680518e-01
-1.612397e-01;-3.327905e-01
-1.612397e-01;-3.327905e-01
-1.612397e-01;-3.327905e-01
-2.154771e-01;-3.272110e-01
-2.154771e-01;-3.272110e-01
-2.154771e-01;-3.272110e-01
-1.056477e-01;-4.552359e-01
-1.056477e-01;-4.552359e-01
8.930925e-02;-5.565991e-01
-5.128588e-01;1.790046e-01
-5.128588e-01;1.790046e-01
-8.021546e-01;2.176262e-01
-8.021546e-01;2.176262e-01
-8.021546e-01;2.176262e-01
-8.881893e-01;3.967474e-01
-8.881893e-01;3.967474e-01
-8.881893e-01;3.967474e-01
-7.904453e-01;2.908650e-01
-7.904453e-01;2.908650e-01
-7.904453e-01;2.908650e-01
-9.447723e-01;4.609959e-01
-9.447723e-01;4.609959e-01
-9.230455e-01;5.030531e-01
-9.230455e-01;5.030531e-01
-9.230455e-01;5.030531e-01
-8.796000e-01;1.907363e-01
-8.796000e-01;1.907363e-01
-8.796000e-01;1.907363e-01
-8.065466e-01;1.191655e-01
9.090909e-02;1.293158e-17
9.090909e-02;1.293158e-17
-5.780607e-02;-1.476482e-01
-5.780607e-02;-1.476482e-01
-5.780607e-02;-1.476482e-01
-2.169839e-01;-1.778044e-01
-2.169839e-01;-1.778044e-01
-2.169839e-01;-1.778044e-01
-2.913192e-01;-3.214076e-01
-2.913192e-01;-3.214076e-01
-2.913192e-01;-3.214076e-01
4.394057e-01;-1.401619e-01
4.394057e-01;-1.401619e-01
1.866058e-01;-5.215377e-02
1.866058e-01;-5.215377e-02
1.866058e-01;-5.215377e-02
5.755769e-02;8.953041e-02
5.755769e-02;8.953041e-02
5.755769e-02;8.953041e-02
-5.472308e-02;1.480147e-01
-5.472308e-02;1.480147e-01
-5.472308e-02;1.480147e-01
-3.133626e-01;2.565201e-01
-3.133626e-01;2.565201e-01
-6.033529e-01;3.513171e-01
1.766132e-01;-3.282434e-01
1.766132e-01;-3.282434e-01
1.022430e-01;-1.861714e-01
1.022430e-01;-1.861714e-01
1.022430e-01;-1.861714e-01
2.017891e-01;-2.984924e-01
2.017891e-01;-2.984924e-01
2.017891e-01;-2.984924e-01
1.309884e-01;-6.175133e-02
1.309884e-01;-6.175133e-02
1.309884e-01;-6.175133e-02
-1.994254e-01;-1.527615e-01
-1.994254e-01;-1.527615e-01
-1.409062e-01;-2.680518e-01
-1.409062e-01;-2.680518e-01
-1.409062e-01;-2.680518e-01
-1.612397e-01;-3.327905e-01
-1.612397e-01;-3.327905e-01
-1.612397e-01;-3.327905e-01
-2.154771e-01;-3.272110e-01
-2.154771e-01;-3.272110e-01
-2.154771e-01;-3.272110e-01
-1.056477e-01;-4.552359e-01
-1.056477e-01;-4.552359e-01
8.930925e-02;-5.565991e-01
-5.128588e-01;1.790046e-01
-5.128588e-01;1.790046e-01
-8.021546e-01;2.176262e-01
-8.021546e-01;2.176262e-01
-8.021546e-01;2.176262e-01
-8.881893e-01;3.967474e-01
-8.881893e-01;3.967474e-01
-8.881893e-01;3.967474e-01
-7.904453e-01;2.908650e-01
-7.904453e-01;2.908650e-01
-7.904453e-01;2.908650e-01
-9.447723e-01;4.609959e-01
-9.447723e-01;4.609959e-01
-9.230455e-01;5.030531e-01
-9.230455e-01;5.030531e-01
-9.230455e-01;5.030531e-01
-8.796000e-01;1.907363e-01
-8.796000e-01;1.907363e-01
-8.796000e-01;1.907363e-01
-8.065466e-01;1.191655e-01
6.250000e-02;3.109689e-18
6.250000e-02;3.109689e-18
-2.810189e-02;-2.136402e-02
-2.810189e-02;-2.136402e-02
-2.810189e-02;-2.136402e-02
-1.483264e-01;-3.559747e-02
-1.483264e-01;-3.559747e-02
-1.483264e-01;-3.559747e-02
-1.854975e-01;-1.302262e-01
-1.854975e-01;-1.302262e-01
-1.854975e-01;-1.302262e-01
2.637971e-01;6.279950e-02
2.637971e-01;6.279950e-02
1.377107e-01;6.967288e-02
1.377107e-01;6.967288e-02
1.377107e-01;6.967288e-02
8.685175e-02;9.976268e-02
8.685175e-02;9.976268e-02
8.685175e-02;9.976268e-02
8.610210e-03;1.362035e-01
8.610210e-03;1.362035e-01
8.610210e-03;1.362035e-01
-1.801302e-01;2.219246e-01
-1.801302e-01;2.219246e-01
-3.857158e-01;2.831763e-01
-1.078016e-01;1.017014e-01
-1.078016e-01;1.017014e-01
-1.277446e-01;1.129343e-01
-1.277446e-01;1.129343e-01
-1.277446e-01;1.129343e-01
-5.527242e-02;2.195969e-02
-5.527242e-02;2.195969e-02
-5.527242e-02;2.195969e-02
-1.017538e-01;1.531956e-01
-1.017538e-01;1.531956e-01
-1.017538e-01;1.531956e-01
-3.048827e-01;-5.485376e-02
-3.048827e-01;-5.485376e-02
-2.921556e-01;-4.204062e-02
-2.921556e-01;-4.204062e-02
-2.921556e-01;-4.204062e-02
-3.523783e-01;3.481653e-02
-3.523783e-01;3.481653e-02
-3.523783e-01;3.481653e-02
-3.773223e-01;5.337674e-02
-3.773223e-01;5.337674e-02
-3.773223e-01;5.337674e-02
-2.911139e-01;-3.504164e-02
-2.911139e-01;-3.504164e-02
-1.328197e-01;-1.048153e-01
-2.547430e-01;5.562316e-02
-2.547430e-01;5.562316e-02
-3.472654e-01;9.201275e-02
-3.472654e-01;9.201275e-02
-3.472654e-01;9.201275e-02
-4.065678e-01;2.138194e-01
-4.065678e-01;2.138194e-01
-4.065678e-01;2.138194e-01
-3.478873e-01;1.643486e-01
-3.478873e-01;1.643486e-01
-3.478873e-01;1.643486e-01
-4.320873e-01;3.344426e-01
-4.320873e-01;3.344426e-01
-3.720608e-01;3.216983e-01
-3.720608e-01;3.216983e-01
-3.720608e-01;3.216983e-01
-3.419400e-01;1.093613e-01
-3.419400e-01;1.093613e-01
-3.419400e-01;1.093613e-01
-2.961349e-01;5.842467e-02
6.250000e-02;3.109689e-18
6.250000e-02;3.109689e-18
-6.994434e-03;-4.654576e-02
-6.994434e-03;-4.654576e-02
-6.994434e-03;-4.654576e-02
-8.335125e-02;-6.378017e-02
-8.335125e-02;-6.378017e-02
-8.335125e-02;-6.378017e-02
-1.130684e-01;-1.634213e-01
-1.130684e-01;-1.634213e-01
-1.130684e-01;-1.634213e-01
1.950426e-01;-1.102127e-01
1.950426e-01;-1.102127e-01
7.245724e-02;-2.436953e-02
7.245724e-02;-2.436953e-02
7.245724e-02;-2.436953e-02
3.383889e-02;-8.364111e-03
3.383889e-02;-8.364111e-03
3.383889e-02;-8.364111e-03
-2.738942e-02;1.695138e-02
-2.738942e-02;1.695138e-02
-2.738942e-02;1.695138e-02
-1.951457e-01;1.179031e-01
-1.951457e-01;1.179031e-01
-3.423365e-01;1.248030e-01
-7.076559e-02;-8.553209e-02
-7.076559e-02;-8.553209e-02
-8.739047e-02;-4.068676e-02
-8.739047e-02;-4.068676e-02
-8.739047e-02;-4.068676e-02
-4.692399e-02;-1.073526e-01
-4.692399e-02;-1.073526e-01
-4.692399e-02;-1.073526e-01
-6.862403e-02;9.551689e-03
-6.862403e-02;9.551689e-03
-6.862403e-02;9.551689e-03
-1.717086e-01;-1.212450e-01
-1.717086e-01;-1.212450e-01
-1.449261e-01;-2.643045e-01
-1.449261e-01;-2.643045e-01
-1.449261e-01;-2.643045e-01
-1.865369e-01;-2.411253e-01
-1.865369e-01;-2.411253e-01
-1.865369e-01;-2.411253e-01
-1.827715e-01;-2.347697e-01
-1.827715e-01;-2.347697e-01
-1.827715e-01;-2.347697e-01
-6.677634e-02;-3.398845e-01
-6.677634e-02;-3.398845e-01
3.909333e-02;-3.517237e-01
-1.303253e-01;-1.366565e-01
-1.303253e-01;-1.366565e-01
-2.113287e-01;-4.343728e-02
-2.113287e-01;-4.343728e-02
-2.113287e-01;-4.343728e-02
-2.576392e-01;4.899560e-02
-2.576392e-01;4.899560e-02
-2.576392e-01;4.899560e-02
-2.332046e-01;1.225735e-02
-2.332046e-01;1.225735e-02
-2.332046e-01;1.225735e-02
-2.664919e-01;1.205769e-01
-2.664919e-01;1.205769e-01
-2.098882e-01;1.655070e-01
-2.098882e-01;1.655070e-01
-2.098882e-01;1.655070e-01
-1.759147e-01;7.491329e-02
-1.759147e-01;7.491329e-02
-1.759147e-01;7.491329e-02
-1.422694e-01;3.971455e-02
