4.059227e-02;-5.105433e-01
4.059227e-02;-5.105433e-01
4.059227e-02;-5.105433e-01
4.059227e-02;-5.105433e-01
4.059227e-02;-5.105433e-01
4.059227e-02;-5.105433e-01
-3.718857e-01;-9.866862e-01
-3.718857e-01;-9.866862e-01
-3.718857e-01;-9.866862e-01
-3.718857e-01;-9.866862e-01
-3.718857e-01;-9.866862e-01
-3.718857e-01;-9.866862e-01
-4.290553e-01;-1.000000e+00
-4.290553e-01;-1.000000e+00
-4.290553e-01;-1.000000e+00
-4.290553e-01;-1.000000e+00
-4.290553e-01;-1.000000e+00
-4.290553e-01;-1.000000e+00
-3.068112e-01;-1.000000e+00
-3.068112e-01;-1.000000e+00
-3.068112e-01;-1.000000e+00
-3.068112e-01;-1.000000e+00
-3.629491e-01;-9.479774e-01
-3.629491e-01;-9.479774e-01
-3.629491e-01;-9.479774e-01
-3.629491e-01;-9.479774e-01
-3.629491e-01;-9.479774e-01
-3.629491e-01;-9.479774e-01
-3.931129e-01;-9.966167e-01
-3.931129e-01;-9.966167e-01
-3.931129e-01;-9.966167e-01
-3.931129e-01;-9.966167e-01
-3.931129e-01;-9.966167e-01
-3.931129e-01;-9.966167e-01
-1.000000e+00;-4.359008e-01
-1.000000e+00;-4.359008e-01
-1.000000e+00;-4.359008e-01
-1.000000e+00;-4.359008e-01
-1.000000e+00;-4.359008e-01
-1.000000e+00;-4.359008e-01
-1.000000e+00;-4.068968e-01
-1.000000e+00;-4.068968e-01
-1.000000e+00;-4.068968e-01
-1.000000e+00;-4.068968e-01
-1.000000e+00;-7.837373e-01
-1.000000e+00;-7.837373e-01
-1.000000e+00;-9.012258e-01
-1.000000e+00;-9.012258e-01
-1.000000e+00;-9.012258e-01
-1.000000e+00;-9.012258e-01
-9.407111e-01;-3.808830e-01
-9.407111e-01;-3.808830e-01
-9.407111e-01;-3.808830e-01
-9.407111e-01;-3.808830e-01
-9.407111e-01;-3.808830e-01
-9.407111e-01;-3.808830e-01
-6.768816e-01;1.918295e-01
-6.768816e-01;1.918295e-01
-6.768816e-01;1.918295e-01
-6.768816e-01;1.918295e-01
-6.768816e-01;1.918295e-01
-6.768816e-01;1.918295e-01
-6.487253e-01;3.703315e-01
-6.487253e-01;3.703315e-01
-6.487253e-01;3.703315e-01
-6.487253e-01;3.703315e-01
-6.487253e-01;3.703315e-01
-6.487253e-01;3.703315e-01
-6.639997e-01;3.427492e-01
-6.639997e-01;3.427492e-01
-6.639997e-01;3.427492e-01
-6.639997e-01;3.427492e-01
-6.361088e-01;2.936280e-01
-6.361088e-01;2.936280e-01
-6.361088e-01;2.936280e-01
-6.361088e-01;2.936280e-01
-6.361088e-01;2.936280e-01
-6.361088e-01;2.936280e-01
-6.173190e-01;3.464700e-01
-6.173190e-01;3.464700e-01
-6.173190e-01;3.464700e-01
-6.173190e-01;3.464700e-01
-6.173190e-01;3.464700e-01
-6.173190e-01;3.464700e-01
-1.100001e-01;-1.875449e-01
-1.100001e-01;-1.875449e-01
-1.100001e-01;-1.875449e-01
-1.100001e-01;-1.875449e-01
-1.100001e-01;-1.875449e-01
-1.100001e-01;-1.875449e-01
-9.720835e-02;-1.721495e-01
-9.720835e-02;-1.721495e-01
-9.720835e-02;-1.721495e-01
-9.720835e-02;-1.721495e-01
-8.639965e-02;2.294633e-01
-8.639965e-02;2.294633e-01
-1.040660e-01;3.403217e-01
-1.040660e-01;3.403217e-01
-1.040660e-01;3.403217e-01
-1.040660e-01;3.403217e-01
-7.212347e-02;1.739922e-01
-7.212347e-02;1.739922e-01
-7.212347e-02;1.739922e-01
-7.212347e-02;1.739922e-01
-7.212347e-02;1.739922e-01
-7.212347e-02;1.739922e-01
-1.382390e-02;-7.056483e-02
-1.382390e-02;-7.056483e-02
-1.382390e-02;-7.056483e-02
-1.382390e-02;-7.056483e-02
-1.382390e-02;-7.056483e-02
-1.382390e-02;-7.056483e-02
-2.351328e-03;-7.006653e-01
-2.351328e-03;-7.006653e-01
-2.351328e-03;-7.006653e-01
-2.351328e-03;-7.006653e-01
-2.351328e-03;-7.006653e-01
-2.351328e-03;-7.006653e-01
-6.621765e-02;-5.473164e-01
-6.621765e-02;-5.473164e-01
-6.621765e-02;-5.473164e-01
-6.621765e-02;-5.473164e-01
-1.377412e-01;-5.377754e-01
-1.377412e-01;-5.377754e-01
-1.377412e-01;-5.377754e-01
-1.377412e-01;-5.377754e-01
-1.377412e-01;-5.377754e-01
-1.377412e-01;-5.377754e-01
-1.486835e-01;-5.389668e-01
-1.486835e-01;-5.389668e-01
-1.486835e-01;-5.389668e-01
-1.486835e-01;-5.389668e-01
-1.486835e-01;-5.389668e-01
-1.486835e-01;-5.389668e-01
-1.301777e-01;-5.675965e-01
-1.301777e-01;-5.675965e-01
4.059227e-02;-5.105433e-01
4.059227e-02;-5.105433e-01
4.059227e-02;-5.105433e-01
4.059227e-02;-5.105433e-01
4.059227e-02;-5.105433e-01
4.059227e-02;-5.105433e-01
-3.718857e-01;-9.866862e-01
-3.718857e-01;-9.866862e-01
-3.718857e-01;-9.866862e-01
-3.718857e-01;-9.866862e-01
-3.718857e-01;-9.866862e-01
-3.718857e-01;-9.866862e-01
-4.290553e-01;-1.000000e+00
-4.290553e-01;-1.000000e+00
-4.290553e-01;-1.000000e+00
-4.290553e-01;-1.000000e+00
-4.290553e-01;-1.000000e+00
-4.290553e-01;-1.000000e+00
-3.068112e-01;-1.000000e+00
-3.068112e-01;-1.000000e+00
-3.068112e-01;-1.000000e+00
-3.068112e-01;-1.000000e+00
-3.629491e-01;-9.479774e-01
-3.629491e-01;-9.479774e-01
-3.629491e-01;-9.479774e-01
-3.629491e-01;-9.479774e-01
-3.629491e-01;-9.479774e-01
-3.629491e-01;-9.479774e-01
-3.931129e-01;-9.966167e-01
-3.931129e-01;-9.966167e-01
-3.931129e-01;-9.966167e-01
-3.931129e-01;-9.966167e-01
-3.931129e-01;-9.966167e-01
-3.931129e-01;-9.966167e-01
-1.000000e+00;-4.359008e-01
-1.000000e+00;-4.359008e-01
-1.000000e+00;-4.359008e-01
-1.000000e+00;-4.359008e-01
-1.000000e+00;-4.359008e-01
-1.000000e+00;-4.359008e-01
-1.000000e+00;-4.068968e-01
-1.000000e+00;-4.068968e-01
-1.000000e+00;-4.068968e-01
-1.000000e+00;-4.068968e-01
-1.000000e+00;-7.837373e-01
-1.000000e+00;-7.837373e-01
-1.000000e+00;-9.012258e-01
-1.000000e+00;-9.012258e-01
-1.000000e+00;-9.012258e-01
-1.000000e+00;-9.012258e-01
-9.407111e-01;-3.808830e-01
-9.407111e-01;-3.808830e-01
-9.407111e-01;-3.808830e-01
-9.407111e-01;-3.808830e-01
-9.407111e-01;-3.808830e-01
-9.407111e-01;-3.808830e-01
-6.768816e-01;1.918295e-01
-6.768816e-01;1.918295e-01
-6.768816e-01;1.918295e-01
-6.768816e-01;1.918295e-01
-6.768816e-01;1.918295e-01
-6.768816e-01;1.918295e-01
-6.487253e-01;3.703315e-01
-6.487253e-01;3.703315e-01
-6.487253e-01;3.703315e-01
-6.487253e-01;3.703315e-01
-6.487253e-01;3.703315e-01
-6.487253e-01;3.703315e-01
-6.639997e-01;3.427492e-01
-6.639997e-01;3.427492e-01
-6.639997e-01;3.427492e-01
-6.639997e-01;3.427492e-01
-6.361088e-01;2.936280e-01
-6.361088e-01;2.936280e-01
-6.361088e-01;2.936280e-01
-6.361088e-01;2.936280e-01
-6.361088e-01;2.936280e-01
-6.361088e-01;2.936280e-01
-6.173190e-01;3.464700e-01
-6.173190e-01;3.464700e-01
-6.173190e-01;3.464700e-01
-6.173190e-01;3.464700e-01
-6.173190e-01;3.464700e-01
-6.173190e-01;3.464700e-01
-1.100001e-01;-1.875449e-01
-1.100001e-01;-1.875449e-01
-1.100001e-01;-1.875449e-01
-1.100001e-01;-1.875449e-01
-1.100001e-01;-1.875449e-01
-1.100001e-01;-1.875449e-01
-9.720835e-02;-1.721495e-01
-9.720835e-02;-1.721495e-01
-9.720835e-02;-1.721495e-01
-9.720835e-02;-1.721495e-01
-8.639965e-02;2.294633e-01
-8.639965e-02;2.294633e-01
-1.040660e-01;3.403217e-01
-1.040660e-01;3.403217e-01
-1.040660e-01;3.403217e-01
-1.040660e-01;3.403217e-01
-7.212347e-02;1.739922e-01
-7.212347e-02;1.739922e-01
-7.212347e-02;1.739922e-01
-7.212347e-02;1.739922e-01
-7.212347e-02;1.739922e-01
-7.212347e-02;1.739922e-01
-1.382390e-02;-7.056483e-02
-1.382390e-02;-7.056483e-02
-1.382390e-02;-7.056483e-02
-1.382390e-02;-7.056483e-02
-1.382390e-02;-7.056483e-02
-1.382390e-02;-7.056483e-02
-2.351328e-03;-7.006653e-01
-2.351328e-03;-7.006653e-01
-2.351328e-03;-7.006653e-01
-2.351328e-03;-7.006653e-01
-2.351328e-03;-7.006653e-01
-2.351328e-03;-7.006653e-01
-6.621765e-02;-5.473164e-01
-6.621765e-02;-5.473164e-01
-6.621765e-02;-5.473164e-01
-6.621765e-02;-5.473164e-01
-1.377412e-01;-5.377754e-01
-1.377412e-01;-5.377754e-01
-1.377412e-01;-5.377754e-01
-1.377412e-01;-5.377754e-01
-1.377412e-01;-5.377754e-01
-1.377412e-01;-5.377754e-01
-1.486835e-01;-5.389668e-01
-1.486835e-01;-5.389668e-01
-1.486835e-01;-5.389668e-01
-1.486835e-01;-5.389668e-01
-1.486835e-01;-5.389668e-01
-1.486835e-01;-5.389668e-01
-1.301777e-01;-5.675965e-01
-1.301777e-01;-5.675965e-01
4.059227e-02;-5.105433e-01
4.059227e-02;-5.105433e-01
4.059227e-02;-5.105433e-01
4.059227e-02;-5.105433e-01
4.059227e-02;-5.105433e-01
4.059227e-02;-5.105433e-01
-3.718857e-01;-9.866862e-01
-3.718857e-01;-9.866862e-01
-3.718857e-01;-9.866862e-01
-3.718857e-01;-9.866862e-01
-3.718857e-01;-9.866862e-01
-3.718857e-01;-9.866862e-01
-4.290553e-01;-1.000000e+00
-4.290553e-01;-1.000000e+00
-4.290553e-01;-1.000000e+00
-4.290553e-01;-1.000000e+00
-4.290553e-01;-1.000000e+00
-4.290553e-01;-1.000000e+00
-3.068112e-01;-1.000000e+00
-3.068112e-01;-1.000000e+00
-3.068112e-01;-1.000000e+00
-3.068112e-01;-1.000000e+00
-3.629491e-01;-9.479774e-01
-3.629491e-01;-9.479774e-01
-3.629491e-01;-9.479774e-01
-3.629491e-01;-9.479774e-01
-3.629491e-01;-9.479774e-01
-3.629491e-01;-9.479774e-01
-3.931129e-01;-9.966167e-01
-3.931129e-01;-9.966167e-01
-3.931129e-01;-9.966167e-01
-3.931129e-01;-9.966167e-01
-3.931129e-01;-9.966167e-01
-3.931129e-01;-9.966167e-01
-1.000000e+00;-4.359008e-01
-1.000000e+00;-4.359008e-01
-1.000000e+00;-4.359008e-01
-1.000000e+00;-4.359008e-01
-1.000000e+00;-4.359008e-01
-1.000000e+00;-4.359008e-01
-1.000000e+00;-4.068968e-01
-1.000000e+00;-4.068968e-01
-1.000000e+00;-4.068968e-01
-1.000000e+00;-4.068968e-01
-1.000000e+00;-7.837373e-01
-1.000000e+00;-7.837373e-01
-1.000000e+00;-9.012258e-01
-1.000000e+00;-9.012258e-01
-1.000000e+00;-9.012258e-01
-1.000000e+00;-9.012258e-01
-9.407111e-01;-3.808830e-01
-9.407111e-01;-3.808830e-01
-9.407111e-01;-3.808830e-01
-9.407111e-01;-3.808830e-01
-9.407111e-01;-3.808830e-01
-9.407111e-01;-3.808830e-01
-6.768816e-01;1.918295e-01
-6.768816e-01;1.918295e-01
-6.768816e-01;1.918295e-01
-6.768816e-01;1.918295e-01
-6.768816e-01;1.918295e-01
-6.768816e-01;1.918295e-01
-6.487253e-01;3.703315e-01
-6.487253e-01;3.703315e-01
-6.487253e-01;3.703315e-01
-6.487253e-01;3.703315e-01
-6.487253e-01;3.703315e-01
-6.487253e-01;3.703315e-01
-6.639997e-01;3.427492e-01
-6.639997e-01;3.427492e-01
-6.639997e-01;3.427492e-01
-6.639997e-01;3.427492e-01
-6.361088e-01;2.936280e-01
-6.361088e-01;2.936280e-01
-6.361088e-01;2.936280e-01
-6.361088e-01;2.936280e-01
-6.361088e-01;2.936280e-01
-6.361088e-01;2.936280e-01
-6.173190e-01;3.464700e-01
-6.173190e-01;3.464700e-01
-6.173190e-01;3.464700e-01
-6.173190e-01;3.464700e-01
-6.173190e-01;3.464700e-01
-6.173190e-01;3.464700e-01
-1.100001e-01;-1.875449e-01
-1.100001e-01;-1.875449e-01
-1.100001e-01;-1.875449e-01
-1.100001e-01;-1.875449e-01
-1.100001e-01;-1.875449e-01
-1.100001e-01;-1.875449e-01
-9.720835e-02;-1.721495e-01
-9.720835e-02;-1.721495e-01
-9.720835e-02;-1.721495e-01
-9.720835e-02;-1.721495e-01
-8.639965e-02;2.294633e-01
-8.639965e-02;2.294633e-01
-1.040660e-01;3.403217e-01
-1.040660e-01;3.403217e-01
-1.040660e-01;3.403217e-01
-1.040660e-01;3.403217e-01
-7.212347e-02;1.739922e-01
-7.212347e-02;1.739922e-01
-7.212347e-02;1.739922e-01
-7.212347e-02;1.739922e-01
-7.212347e-02;1.739922e-01
-7.212347e-02;1.739922e-01
-1.382390e-02;-7.056483e-02
-1.382390e-02;-7.056483e-02
-1.382390e-02;-7.056483e-02
-1.382390e-02;-7.056483e-02
-1.382390e-02;-7.056483e-02
-1.382390e-02;-7.056483e-02
-2.351328e-03;-7.006653e-01
-2.351328e-03;-7.006653e-01
-2.351328e-03;-7.006653e-01
-2.351328e-03;-7.006653e-01
-2.351328e-03;-7.006653e-01
-2.351328e-03;-7.006653e-01
-6.621765e-02;-5.473164e-01
-6.621765e-02;-5.473164e-01
-6.621765e-02;-5.473164e-01
-6.621765e-02;-5.473164e-01
-1.377412e-01;-5.377754e-01
-1.377412e-01;-5.377754e-01
-1.377412e-01;-5.377754e-01
-1.377412e-01;-5.377754e-01
-1.377412e-01;-5.377754e-01
-1.377412e-01;-5.377754e-01
-1.486835e-01;-5.389668e-01
-1.486835e-01;-5.389668e-01
-1.486835e-01;-5.389668e-01
-1.486835e-01;-5.389668e-01
-1.486835e-01;-5.389668e-01
-1.486835e-01;-5.389668e-01
-1.301777e-01;-5.675965e-01
-1.301777e-01;-5.675965e-01
4.059227e-02;-5.105433e-01
4.059227e-02;-5.105433e-01
4.059227e-02;-5.105433e-01
4.059227e-02;-5.105433e-01
4.059227e-02;-5.105433e-01
4.059227e-02;-5.105433e-01
-3.718857e-01;-9.866862e-01
-3.718857e-01;-9.866862e-01
-3.718857e-01;-9.866862e-01
-3.718857e-01;-9.866862e-01
-3.718857e-01;-9.866862e-01
-3.718857e-01;-9.866862e-01
-4.290553e-01;-1.000000e+00
-4.290553e-01;-1.000000e+00
-4.290553e-01;-1.000000e+00
-4.290553e-01;-1.000000e+00
-4.290553e-01;-1.000000e+00
-4.290553e-01;-1.000000e+00
-3.068112e-01;-1.000000e+00
-3.068112e-01;-1.000000e+00
-3.068112e-01;-1.000000e+00
-3.068112e-01;-1.000000e+00
-3.629491e-01;-9.479774e-01
-3.629491e-01;-9.479774e-01
-3.629491e-01;-9.479774e-01
-3.629491e-01;-9.479774e-01
-3.629491e-01;-9.479774e-01
-3.629491e-01;-9.479774e-01
-3.931129e-01;-9.966167e-01
-3.931129e-01;-9.966167e-01
-3.931129e-01;-9.966167e-01
-3.931129e-01;-9.966167e-01
-3.931129e-01;-9.966167e-01
-3.931129e-01;-9.966167e-01
-1.000000e+00;-4.359008e-01
-1.000000e+00;-4.359008e-01
-1.000000e+00;-4.359008e-01
-1.000000e+00;-4.359008e-01
-1.000000e+00;-4.359008e-01
-1.000000e+00;-4.359008e-01
-1.000000e+00;-4.068968e-01
-1.000000e+00;-4.068968e-01
-1.000000e+00;-4.068968e-01
-1.000000e+00;-4.068968e-01
-1.000000e+00;-7.837373e-01
-1.000000e+00;-7.837373e-01
-1.000000e+00;-9.012258e-01
-1.000000e+00;-9.012258e-01
-1.000000e+00;-9.012258e-01
-1.000000e+00;-9.012258e-01
-9.407111e-01;-3.808830e-01
-9.407111e-01;-3.808830e-01
-9.407111e-01;-3.808830e-01
-9.407111e-01;-3.808830e-01
-9.407111e-01;-3.808830e-01
-9.407111e-01;-3.808830e-01
-6.768816e-01;1.918295e-01
-6.768816e-01;1.918295e-01
-6.768816e-01;1.918295e-01
-6.768816e-01;1.918295e-01
-6.768816e-01;1.918295e-01
-6.768816e-01;1.918295e-01
-6.487253e-01;3.703315e-01
-6.487253e-01;3.703315e-01
-6.487253e-01;3.703315e-01
-6.487253e-01;3.703315e-01
-6.487253e-01;3.703315e-01
-6.487253e-01;3.703315e-01
-6.639997e-01;3.427492e-01
-6.639997e-01;3.427492e-01
-6.639997e-01;3.427492e-01
-6.639997e-01;3.427492e-01
-6.361088e-01;2.936280e-01
-6.361088e-01;2.936280e-01
-6.361088e-01;2.936280e-01
-6.361088e-01;2.936280e-01
-6.361088e-01;2.936280e-01
-6.361088e-01;2.936280e-01
-6.173190e-01;3.464700e-01
-6.173190e-01;3.464700e-01
-6.173190e-01;3.464700e-01
-6.173190e-01;3.464700e-01
-6.173190e-01;3.464700e-01
-6.173190e-01;3.464700e-01
-1.100001e-01;-1.875449e-01
-1.100001e-01;-1.875449e-01
-1.100001e-01;-1.875449e-01
-1.100001e-01;-1.875449e-01
-1.100001e-01;-1.875449e-01
-1.100001e-01;-1.875449e-01
-9.720835e-02;-1.721495e-01
-9.720835e-02;-1.721495e-01
-9.720835e-02;-1.721495e-01
-9.720835e-02;-1.721495e-01
-8.639965e-02;2.294633e-01
-8.639965e-02;2.294633e-01
-1.040660e-01;3.403217e-01
-1.040660e-01;3.403217e-01
-1.040660e-01;3.403217e-01
-1.040660e-01;3.403217e-01
-7.212347e-02;1.739922e-01
-7.212347e-02;1.739922e-01
-7.212347e-02;1.739922e-01
-7.212347e-02;1.739922e-01
-7.212347e-02;1.739922e-01
-7.212347e-02;1.739922e-01
-1.382390e-02;-7.056483e-02
-1.382390e-02;-7.056483e-02
-1.382390e-02;-7.056483e-02
-1.382390e-02;-7.056483e-02
-1.382390e-02;-7.056483e-02
-1.382390e-02;-7.056483e-02
-2.351328e-03;-7.006653e-01
-2.351328e-03;-7.006653e-01
-2.351328e-03;-7.006653e-01
-2.351328e-03;-7.006653e-01
-2.351328e-03;-7.006653e-01
-2.351328e-03;-7.006653e-01
-6.621765e-02;-5.473164e-01
-6.621765e-02;-5.473164e-01
-6.621765e-02;-5.473164e-01
-6.621765e-02;-5.473164e-01
-1.377412e-01;-5.377754e-01
-1.377412e-01;-5.377754e-01
-1.377412e-01;-5.377754e-01
-1.377412e-01;-5.377754e-01
-1.377412e-01;-5.377754e-01
-1.377412e-01;-5.377754e-01
-1.486835e-01;-5.389668e-01
-1.486835e-01;-5.389668e-01
-1.486835e-01;-5.389668e-01
-1.486835e-01;-5.389668e-01
-1.486835e-01;-5.389668e-01
-1.486835e-01;-5.389668e-01
-1.301777e-01;-5.675965e-01
-1.301777e-01;-5.675965e-01
1.333333e-01;2.743031e-17
1.333333e-01;2.743031e-17
3.247382e-02;-3.573803e-01
3.247382e-02;-3.573803e-01
3.247382e-02;-3.573803e-01
-2.975085e-01;-6.906803e-01
-2.975085e-01;-6.906803e-01
-2.975085e-01;-6.906803e-01
-3.432442e-01;-8.073774e-01
-3.432442e-01;-8.073774e-01
-3.432442e-01;-8.073774e-01
-2.454489e-01;-8.122651e-01
-2.454489e-01;-8.122651e-01
-2.903593e-01;-7.700089e-01
-2.903593e-01;-7.700089e-01
-2.903593e-01;-7.700089e-01
-3.144903e-01;-8.095169e-01
-3.144903e-01;-8.095169e-01
-3.144903e-01;-8.095169e-01
-8.419481e-01;-3.540670e-01
-8.419481e-01;-3.540670e-01
-8.419481e-01;-3.540670e-01
-8.836184e-01;-3.305080e-01
-8.836184e-01;-3.305080e-01
-9.167428e-01;-6.366024e-01
-9.667668e-01;-7.320342e-01
-9.667668e-01;-7.320342e-01
-9.094483e-01;-3.093780e-01
-9.094483e-01;-3.093780e-01
-9.094483e-01;-3.093780e-01
-6.543867e-01;1.558164e-01
-6.543867e-01;1.558164e-01
-6.543867e-01;1.558164e-01
-6.271661e-01;3.008073e-01
-6.271661e-01;3.008073e-01
-6.271661e-01;3.008073e-01
-6.419329e-01;2.784032e-01
-6.419329e-01;2.784032e-01
-6.149689e-01;2.385038e-01
-6.149689e-01;2.385038e-01
-6.149689e-01;2.385038e-01
-5.968036e-01;2.814255e-01
-5.968036e-01;2.814255e-01
-5.968036e-01;2.814255e-01
-1.063445e-01;-1.523362e-01
-1.063445e-01;-1.523362e-01
-1.063445e-01;-1.523362e-01
-9.397781e-02;-1.398310e-01
-9.397781e-02;-1.398310e-01
-8.352831e-02;1.863850e-01
-1.006076e-01;2.764315e-01
-1.006076e-01;2.764315e-01
-6.972658e-02;1.413278e-01
-6.972658e-02;1.413278e-01
-6.972658e-02;1.413278e-01
-1.336449e-02;-5.731734e-02
-1.336449e-02;-5.731734e-02
-1.336449e-02;-5.731734e-02
-2.273186e-03;-5.691260e-01
-2.273186e-03;-5.691260e-01
-2.273186e-03;-5.691260e-01
-6.401703e-02;-4.445660e-01
-6.401703e-02;-4.445660e-01
-1.331636e-01;-4.368162e-01
-1.331636e-01;-4.368162e-01
-1.331636e-01;-4.368162e-01
-1.437423e-01;-4.377839e-01
-1.437423e-01;-4.377839e-01
-1.437423e-01;-4.377839e-01
-1.258515e-01;-4.610388e-01
2.588235e-01;-1.589440e-17
2.588235e-01;-1.589440e-17
2.588235e-01;-1.589440e-17
2.588235e-01;-1.589440e-17
1.432165e-01;-3.519361e-01
1.432165e-01;-3.519361e-01
1.432165e-01;-3.519361e-01
1.432165e-01;-3.519361e-01
1.432165e-01;-3.519361e-01
1.432165e-01;-3.519361e-01
1.432165e-01;-3.519361e-01
1.002779e-01;-3.432778e-01
1.002779e-01;-3.432778e-01
1.002779e-01;-3.432778e-01
1.002779e-01;-3.432778e-01
1.002779e-01;-3.432778e-01
1.002779e-01;-3.432778e-01
1.002779e-01;-3.432778e-01
5.211862e-02;-3.257652e-01
5.211862e-02;-3.257652e-01
5.211862e-02;-3.257652e-01
5.211862e-02;-3.257652e-01
1.609587e-02;-3.071473e-01
1.609587e-02;-3.071473e-01
1.609587e-02;-3.071473e-01
-6.122304e-02;-4.998162e-01
-6.122304e-02;-4.998162e-01
-6.122304e-02;-4.998162e-01
-6.122304e-02;-4.998162e-01
3.860781e-02;-2.969590e-01
3.860781e-02;-2.969590e-01
3.860781e-02;-2.969590e-01
3.860781e-02;-2.969590e-01
3.860781e-02;-2.969590e-01
3.860781e-02;-2.969590e-01
8.000000e-02;-3.019503e-18
-3.543344e-02;-2.774452e-02
-1.139135e-01;-1.798785e-01
-1.139135e-01;-1.798785e-01
-6.528717e-01;-8.525421e-02
-7.286877e-01;-5.567585e-02
-7.286877e-01;-5.567585e-02
-1.000000e+00;-4.493991e-02
-1.000000e+00;-3.296296e-02
-1.000000e+00;-3.296296e-02
-1.000000e+00;-1.156396e-01
-1.000000e+00;-4.452000e-01
-1.000000e+00;-4.452000e-01
-1.000000e+00;-4.456570e-01
-1.000000e+00;-8.560997e-01
-1.000000e+00;-8.560997e-01
-9.287455e-01;-6.000253e-01
-9.405746e-01;-6.402941e-01
-9.637019e-01;-6.341094e-01
-9.033701e-01;-4.565720e-01
-9.118143e-01;-4.730137e-01
-9.224179e-01;-4.942415e-01
-8.670760e-01;-6.049444e-01
-8.934101e-01;-5.369077e-01
-9.132601e-01;-5.402172e-01
-9.173200e-01;-5.230457e-01
-8.581273e-01;-5.039445e-01
-9.019543e-01;-3.825730e-01
-9.019543e-01;-3.825730e-01
-5.893338e-01;-4.986009e-01
-5.490792e-01;-5.610230e-01
-5.490792e-01;-5.610230e-01
-1.780907e-01;-4.081414e-01
-1.454149e-01;-3.944456e-01
-1.454149e-01;-3.944456e-01
-1.239261e-01;-3.276480e-01
-1.464681e-01;-7.227716e-02
-1.464681e-01;-7.227716e-02
-2.374669e-01;1.658820e-01
-2.378982e-01;6.112259e-01
-2.378982e-01;6.112259e-01
-2.799639e-01;4.395371e-01
-2.797790e-01;3.667741e-01
-2.627712e-01;2.963730e-01
3.829925e-01;-1.000000e+00
3.709943e-01;-1.000000e+00
3.659456e-01;-9.875306e-01
3.722063e-01;-4.747027e-01
3.928051e-01;-5.957238e-01
4.002575e-01;-5.765303e-01
3.692934e-01;-5.924462e-01
3.735731e-01;-5.811361e-01
4.496720e-01;-5.491642e-01
4.496720e-01;-5.491642e-01
4.454395e-01;-5.269929e-01
4.206379e-01;-4.800193e-01
4.206379e-01;-4.800193e-01
4.415930e-01;-5.430721e-01
4.480574e-01;-5.752628e-01
4.480574e-01;-5.752628e-01
2.769065e-01;-2.802125e-01
3.117538e-01;-2.376866e-01
3.117538e-01;-2.376866e-01
4.208222e-01;-3.336759e-01
4.347800e-01;-3.523536e-01
4.347800e-01;-3.523536e-01
4.538641e-01;-4.355502e-01
4.564637e-01;-3.699373e-01
4.553649e-01;-3.388752e-01
-1.435146e-01;6.480038e-01
-1.316748e-01;6.698888e-01
-1.366735e-01;6.747855e-01
-1.155611e-01;2.114708e-01
-1.281375e-01;3.085475e-01
-1.312565e-01;2.935167e-01
-8.500814e-02;2.920591e-01
-8.330108e-02;2.871880e-01
-7.633655e-02;2.715549e-01
-7.633655e-02;2.715549e-01
-7.403980e-02;2.595984e-01
-5.042785e-02;2.275896e-01
-5.042785e-02;2.275896e-01
-2.691534e-02;2.118616e-01
-5.772540e-02;2.776450e-01
-5.772540e-02;2.776450e-01
1.095333e-01;-4.639466e-03
1.069431e-01;9.911253e-04
1.069431e-01;9.911253e-04
1.015234e-01;-7.259842e-03
9.227519e-02;1.446716e-02
9.227519e-02;1.446716e-02
7.169863e-02;5.305348e-02
3.001230e-02;1.141418e-01
3.120171e-02;1.175498e-01
-1.382174e-02;1.289648e-01
-1.385375e-02;1.369246e-01
-6.142971e-03;1.427633e-01
-3.186164e-02;1.053989e-01
-2.437914e-02;1.022870e-01
-1.292498e-02;8.853112e-02
-2.389233e-02;4.250316e-02
-3.299474e-02;1.929205e-02
-2.962595e-02;1.026720e-02
-2.962595e-02;1.026720e-02
-5.783447e-02;1.397722e-03
-5.671475e-02;3.792429e-03
-5.671475e-02;3.792429e-03
-5.763818e-02;5.601788e-03
-2.649817e-02;-4.000651e-02
-2.649817e-02;-4.000651e-02
-1.505305e-02;-7.167075e-02
-1.851103e-02;-1.138953e-01
-1.851103e-02;-1.138953e-01
-1.706290e-03;-1.902715e-01
1.023614e-02;-2.672077e-01
1.023614e-02;-2.672077e-01
2.232913e-02;1.000000e+00
6.945562e-02;9.380527e-01
7.350224e-02;9.258156e-01
3.725286e-02;9.616172e-01
4.358748e-02;9.465613e-01
5.525303e-02;9.292778e-01
2.059455e-02;9.501347e-01
2.688592e-02;9.463469e-01
1.852215e-02;9.538175e-01
1.407732e-01;9.782201e-01
1.320172e-01;9.924415e-01
1.179574e-01;9.986183e-01
1.179574e-01;9.986183e-01
1.434393e-01;1.000000e+00
1.397338e-01;1.000000e+00
1.397338e-01;1.000000e+00
1.370020e-01;9.987613e-01
1.210513e-01;1.000000e+00
1.210513e-01;1.000000e+00
1.162428e-01;1.000000e+00
1.220780e-01;1.000000e+00
1.220780e-01;1.000000e+00
1.165034e-01;1.000000e+00
7.742224e-02;1.000000e+00
6.666667e-02;-1.044448e-17
-2.137743e-02;9.183761e-04
-2.789740e-01;-4.895372e-02
-2.789740e-01;-4.895372e-02
-6.379855e-01;-1.096094e-01
-7.039188e-01;-1.173658e-01
-7.039188e-01;-1.173658e-01
-1.000000e+00;-1.790303e-01
-1.000000e+00;-1.682385e-01
-1.000000e+00;-1.682385e-01
-1.000000e+00;-1.008544e-01
-1.000000e+00;-9.523917e-02
-1.000000e+00;-9.523917e-02
-1.000000e+00;-6.928920e-02
-1.000000e+00;-6.963391e-02
-1.000000e+00;-6.963391e-02
-9.617253e-01;-8.034329e-02
-9.642215e-01;-7.995363e-02
-9.732747e-01;-8.116936e-02
-9.096073e-01;-9.462579e-02
-9.152540e-01;-9.335258e-02
-9.184543e-01;-9.444345e-02
-9.114678e-01;-9.774045e-02
-9.159936e-01;-9.886409e-02
-9.313972e-01;-9.237504e-02
-9.577463e-01;-8.992382e-02
-9.196110e-01;-9.178145e-02
-8.070780e-01;-4.065312e-02
-8.070780e-01;-4.065312e-02
-6.490420e-01;1.981012e-02
-6.226390e-01;2.566005e-02
-6.226390e-01;2.566005e-02
-1.350445e-01;8.894210e-02
-1.017799e-01;8.026053e-02
-1.017799e-01;8.026053e-02
-2.912054e-02;1.200222e-02
-2.369695e-02;4.247764e-03
-2.369695e-02;4.247764e-03
4.435354e-03;-2.193298e-02
1.504095e-02;-2.185217e-02
1.504095e-02;-2.185217e-02
-8.686870e-03;-7.641675e-03
-8.470476e-03;-1.007344e-02
-3.919973e-04;-8.920071e-03
-5.597604e-02;2.423327e-03
-5.109206e-02;-1.166996e-03
-4.867092e-02;-6.516759e-04
-4.566560e-02;2.535566e-01
-4.210772e-02;1.968136e-02
-2.875886e-02;-6.691679e-03
-2.589582e-02;1.518765e-01
-2.513493e-02;1.368362e-01
-2.503576e-02;1.088061e-01
-2.503576e-02;1.088061e-01
-2.208883e-02;1.020933e-01
-2.223459e-02;9.673937e-02
-2.223459e-02;9.673937e-02
-2.133443e-02;9.181074e-02
-1.966062e-02;8.951162e-02
-1.966062e-02;8.951162e-02
-1.734693e-02;8.888396e-02
6.606691e-03;9.278214e-02
6.606691e-03;9.278214e-02
6.737790e-03;9.213922e-02
8.618591e-03;9.302516e-02
8.618591e-03;9.302516e-02
1.524479e-02;7.020387e-02
1.471975e-02;7.605312e-02
1.027996e-02;7.529755e-02
5.315737e-02;7.882774e-02
4.656909e-02;8.340986e-02
3.264885e-02;9.244714e-02
8.171539e-02;-1.762018e-01
7.064257e-02;7.037017e-02
6.241881e-02;9.032863e-02
1.118499e-01;-1.539610e-01
1.106442e-01;-1.372521e-01
1.064028e-01;-9.529455e-02
1.064028e-01;-9.529455e-02
9.842574e-02;-7.433432e-02
9.619810e-02;-5.938357e-02
9.619810e-02;-5.938357e-02
9.453072e-02;-4.896739e-02
9.123194e-02;-4.022102e-02
9.123194e-02;-4.022102e-02
8.623975e-02;-3.802731e-02
8.735501e-02;-3.768866e-02
8.735501e-02;-3.768866e-02
7.986789e-02;-3.716732e-02
7.922996e-02;-3.624794e-02
7.922996e-02;-3.624794e-02
7.123238e-02;-2.060041e-02
6.606757e-02;-1.932710e-02
6.913717e-02;-1.408198e-02
3.289588e-02;-2.272208e-02
3.615684e-02;-1.976813e-02
4.570385e-02;-2.612514e-02
1.221167e-02;-1.876725e-02
1.650817e-02;-2.526069e-02
2.348203e-02;-2.644619e-02
-1.490854e-02;3.655930e-02
-1.404677e-02;3.538368e-02
-8.552804e-03;2.204372e-02
-8.552804e-03;2.204372e-02
-1.466014e-03;8.296769e-03
3.086908e-03;3.436934e-04
3.086908e-03;3.436934e-04
4.275357e-03;-4.173235e-03
7.743381e-03;-1.185265e-02
7.743381e-03;-1.185265e-02
1.273425e-02;-9.332968e-03
7.610936e-03;3.611878e-03
7.610936e-03;3.611878e-03
1.122666e-02;1.597340e-02
1.137189e-02;1.856435e-02
1.137189e-02;1.856435e-02
9.248975e-02;-4.260736e-02
9.668162e-02;-3.781492e-02
9.366084e-02;-2.935002e-02
9.920139e-02;-5.733926e-02
1.007081e-01;-5.711594e-02
1.022445e-01;-4.946409e-02
1.185118e-01;-1.471948e-01
1.168334e-01;-1.271327e-01
1.111561e-01;-1.195215e-01
2.489313e-01;-2.751539e-01
2.327665e-01;-2.559151e-01
2.204895e-01;-2.467917e-01
2.204895e-01;-2.467917e-01
2.151221e-01;-2.383281e-01
1.994000e-01;-1.957523e-01
1.994000e-01;-1.957523e-01
1.887839e-01;-1.755478e-01
1.717140e-01;-1.564390e-01
1.717140e-01;-1.564390e-01
1.703098e-01;-1.531233e-01
1.738210e-01;-1.654452e-01
1.738210e-01;-1.654452e-01
1.729946e-01;-1.742971e-01
1.453153e-01;-1.594168e-01
6.666667e-02;-4.517509e-19
-2.147091e-02;-1.126936e-03
-2.758905e-01;1.860937e-02
-2.758905e-01;1.860937e-02
-6.721582e-01;-6.212117e-02
-7.397698e-01;-7.643363e-02
-7.397698e-01;-7.643363e-02
-1.000000e+00;-4.767250e-01
-1.000000e+00;-4.945306e-01
-1.000000e+00;-4.945306e-01
-1.000000e+00;-4.054092e-01
-1.000000e+00;-3.947768e-01
-1.000000e+00;-3.947768e-01
-1.000000e+00;-3.765374e-01
-1.000000e+00;-3.668122e-01
-1.000000e+00;-3.668122e-01
-9.646946e-01;-3.948601e-01
-9.669173e-01;-3.939473e-01
-9.757650e-01;-3.940493e-01
-9.130848e-01;-4.166561e-01
-9.184080e-01;-4.158823e-01
-9.213286e-01;-4.161537e-01
-9.142631e-01;-4.236417e-01
-9.189060e-01;-4.267025e-01
-9.332844e-01;-4.187664e-01
-9.585257e-01;-4.192374e-01
-9.214390e-01;-4.188899e-01
-8.126628e-01;-4.385532e-01
-8.126628e-01;-4.385532e-01
-6.430640e-01;-3.574770e-01
-6.168767e-01;-3.435301e-01
-6.168767e-01;-3.435301e-01
-9.596187e-02;5.705460e-02
-6.532888e-02;7.609666e-02
-6.532888e-02;7.609666e-02
-1.547553e-02;-1.070002e-02
-1.063228e-02;-2.161063e-02
-1.063228e-02;-2.161063e-02
6.542100e-03;-4.046960e-02
1.648909e-02;-5.524064e-02
1.648909e-02;-5.524064e-02
-3.112706e-03;-2.269973e-02
-3.028836e-03;-2.591586e-02
4.744836e-03;-2.523789e-02
-5.253882e-02;-4.784422e-03
-4.796892e-02;-5.608062e-03
-4.587976e-02;-4.657455e-03
-4.337335e-02;-2.741385e-04
-3.967476e-02;-5.843458e-03
-2.731980e-02;-1.908242e-02
-2.480356e-02;-8.666875e-03
-2.406846e-02;-9.330723e-03
-2.495403e-02;-1.049226e-02
-2.495403e-02;-1.049226e-02
-2.177237e-02;-1.340293e-02
-2.159702e-02;-1.460506e-02
-2.159702e-02;-1.460506e-02
-2.077429e-02;-1.652792e-02
-1.908920e-02;-2.394775e-02
-1.908920e-02;-2.394775e-02
-1.616585e-02;-3.308084e-02
6.222476e-03;-3.675660e-02
6.222476e-03;-3.675660e-02
5.981989e-03;-3.756877e-02
7.911353e-03;-4.051059e-02
7.911353e-03;-4.051059e-02
8.093245e-03;7.472169e-03
8.126498e-03;1.825193e-03
4.382460e-03;-2.210697e-02
4.785298e-02;1.304626e-01
4.219107e-02;1.033881e-01
3.046538e-02;4.644387e-02
7.456955e-02;2.012128e-01
6.591007e-02;1.136064e-01
5.838946e-02;5.643484e-03
9.218934e-02;5.619746e-01
9.129931e-02;5.291099e-01
8.955890e-02;5.015215e-01
8.955890e-02;5.015215e-01
8.429709e-02;4.841077e-01
8.341357e-02;4.658402e-01
8.341357e-02;4.658402e-01
8.330155e-02;4.522752e-01
8.287963e-02;4.529058e-01
8.287963e-02;4.529058e-01
7.811891e-02;4.378632e-01
7.923652e-02;4.216896e-01
7.923652e-02;4.216896e-01
7.216429e-02;3.699011e-01
7.157043e-02;3.700029e-01
7.157043e-02;3.700029e-01
6.663316e-02;3.816713e-01
6.282609e-02;3.787211e-01
6.630433e-02;3.953149e-01
2.773170e-02;2.666043e-01
3.123380e-02;2.867020e-01
3.942869e-02;3.334556e-01
7.743627e-03;2.700361e-01
1.091165e-02;3.407910e-01
1.761749e-02;4.477682e-01
-1.017660e-02;-9.987715e-02
-9.406791e-03;-6.702412e-02
-5.979618e-03;-3.804060e-02
-5.979618e-03;-3.804060e-02
-1.354751e-03;-1.896319e-02
1.678938e-03;1.974705e-05
1.678938e-03;1.974705e-05
1.761140e-03;1.538377e-02
2.620097e-03;2.026815e-02
2.620097e-03;2.026815e-02
7.653733e-03;4.064320e-02
4.391132e-03;5.704610e-02
4.391132e-03;5.704610e-02
9.921504e-03;1.093602e-01
1.032260e-02;1.183268e-01
1.032260e-02;1.183268e-01
5.676194e-02;-3.579625e-03
6.066583e-02;8.387944e-03
5.867073e-02;1.819177e-02
6.045003e-02;-7.794787e-03
6.191319e-02;-1.061787e-04
6.408803e-02;1.347738e-02
6.551741e-02;-7.717810e-02
6.584716e-02;-5.587562e-02
6.097990e-02;-5.774204e-02
1.771160e-01;4.332432e-01
1.635935e-01;3.937660e-01
1.535217e-01;3.186084e-01
1.535217e-01;3.186084e-01
1.493951e-01;3.051833e-01
1.416453e-01;2.790692e-01
1.416453e-01;2.790692e-01
1.355257e-01;2.545792e-01
1.235471e-01;2.096946e-01
1.235471e-01;2.096946e-01
1.229175e-01;1.950964e-01
1.250166e-01;1.900735e-01
1.250166e-01;1.900735e-01
1.228779e-01;1.774110e-01
9.968013e-02;6.760251e-02
6.666667e-02;-4.517509e-19
-2.147091e-02;-1.126936e-03
-2.758905e-01;1.860937e-02
-2.758905e-01;1.860937e-02
-6.721582e-01;-6.212117e-02
-7.397698e-01;-7.643363e-02
-7.397698e-01;-7.643363e-02
-1.000000e+00;-4.767250e-01
-1.000000e+00;-4.945306e-01
-1.000000e+00;-4.945306e-01
-1.000000e+00;-4.054092e-01
-1.000000e+00;-3.947768e-01
-1.000000e+00;-3.947768e-01
-1.000000e+00;-3.765374e-01
-1.000000e+00;-3.668122e-01
-1.000000e+00;-3.668122e-01
-9.646946e-01;-3.948601e-01
-9.669173e-01;-3.939473e-01
-9.757650e-01;-3.940493e-01
-9.130848e-01;-4.166561e-01
-9.184080e-01;-4.158823e-01
-9.213286e-01;-4.161537e-01
-9.142631e-01;-4.236417e-01
-9.189060e-01;-4.267025e-01
-9.332844e-01;-4.187664e-01
-9.585257e-01;-4.192374e-01
-9.214390e-01;-4.188899e-01
-8.126628e-01;-4.385532e-01
-8.126628e-01;-4.385532e-01
-6.430640e-01;-3.574770e-01
-6.168767e-01;-3.435301e-01
-6.168767e-01;-3.435301e-01
-9.596187e-02;5.705460e-02
-6.532888e-02;7.609666e-02
-6.532888e-02;7.609666e-02
-1.547553e-02;-1.070002e-02
-1.063228e-02;-2.161063e-02
-1.063228e-02;-2.161063e-02
6.542100e-03;-4.046960e-02
1.648909e-02;-5.524064e-02
1.648909e-02;-5.524064e-02
-3.112706e-03;-2.269973e-02
-3.028836e-03;-2.591586e-02
4.744836e-03;-2.523789e-02
-5.253882e-02;-4.784422e-03
-4.796892e-02;-5.608062e-03
-4.587976e-02;-4.657455e-03
-4.337335e-02;-2.741385e-04
-3.967476e-02;-5.843458e-03
-2.731980e-02;-1.908242e-02
-2.480356e-02;-8.666875e-03
-2.406846e-02;-9.330723e-03
-2.495403e-02;-1.049226e-02
-2.495403e-02;-1.049226e-02
-2.177237e-02;-1.340293e-02
-2.159702e-02;-1.460506e-02
-2.159702e-02;-1.460506e-02
-2.077429e-02;-1.652792e-02
-1.908920e-02;-2.394775e-02
-1.908920e-02;-2.394775e-02
-1.616585e-02;-3.308084e-02
6.222476e-03;-3.675660e-02
6.222476e-03;-3.675660e-02
5.981989e-03;-3.756877e-02
7.911353e-03;-4.051059e-02
7.911353e-03;-4.051059e-02
8.093245e-03;7.472169e-03
8.126498e-03;1.825193e-03
4.382460e-03;-2.210697e-02
4.785298e-02;1.304626e-01
4.219107e-02;1.033881e-01
3.046538e-02;4.644387e-02
7.456955e-02;2.012128e-01
6.591007e-02;1.136064e-01
5.838946e-02;5.643484e-03
9.218934e-02;5.619746e-01
9.129931e-02;5.291099e-01
8.955890e-02;5.015215e-01
8.955890e-02;5.015215e-01
8.429709e-02;4.841077e-01
8.341357e-02;4.658402e-01
8.341357e-02;4.658402e-01
8.330155e-02;4.522752e-01
8.287963e-02;4.529058e-01
8.287963e-02;4.529058e-01
7.811891e-02;4.378632e-01
7.923652e-02;4.216896e-01
7.923652e-02;4.216896e-01
7.216429e-02;3.699011e-01
7.157043e-02;3.700029e-01
7.157043e-02;3.700029e-01
6.663316e-02;3.816713e-01
6.282609e-02;3.787211e-01
6.630433e-02;3.953149e-01
2.773170e-02;2.666043e-01
3.123380e-02;2.867020e-01
3.942869e-02;3.334556e-01
7.743627e-03;2.700361e-01
1.091165e-02;3.407910e-01
1.761749e-02;4.477682e-01
-1.017660e-02;-9.987715e-02
-9.406791e-03;-6.702412e-02
-5.979618e-03;-3.804060e-02
-5.979618e-03;-3.804060e-02
-1.354751e-03;-1.896319e-02
1.678938e-03;1.974705e-05
1.678938e-03;1.974705e-05
1.761140e-03;1.538377e-02
2.620097e-03;2.026815e-02
2.620097e-03;2.026815e-02
7.653733e-03;4.064320e-02
4.391132e-03;5.704610e-02
4.391132e-03;5.704610e-02
9.921504e-03;1.093602e-01
1.032260e-02;1.183268e-01
1.032260e-02;1.183268e-01
5.676194e-02;-3.579625e-03
6.066583e-02;8.387944e-03
5.867073e-02;1.819177e-02
6.045003e-02;-7.794787e-03
6.191319e-02;-1.061787e-04
6.408803e-02;1.347738e-02
6.551741e-02;-7.717810e-02
6.584716e-02;-5.587562e-02
6.097990e-02;-5.774204e-02
1.771160e-01;4.332432e-01
1.635935e-01;3.937660e-01
1.535217e-01;3.186084e-01
1.535217e-01;3.186084e-01
1.493951e-01;3.051833e-01
1.416453e-01;2.790692e-01
1.416453e-01;2.790692e-01
1.355257e-01;2.545792e-01
1.235471e-01;2.096946e-01
1.235471e-01;2.096946e-01
1.229175e-01;1.950964e-01
1.250166e-01;1.900735e-01
1.250166e-01;1.900735e-01
1.228779e-01;1.774110e-01
9.968013e-02;6.760251e-02
6.666667e-02;-4.517509e-19
-2.147091e-02;-1.126936e-03
-2.758905e-01;1.860937e-02
-2.758905e-01;1.860937e-02
-6.721582e-01;-6.212117e-02
-7.397698e-01;-7.643363e-02
-7.397698e-01;-7.643363e-02
-1.000000e+00;-4.767250e-01
-1.000000e+00;-4.945306e-01
-1.000000e+00;-4.945306e-01
-1.000000e+00;-4.054092e-01
-1.000000e+00;-3.947768e-01
-1.000000e+00;-3.947768e-01
-1.000000e+00;-3.765374e-01
-1.000000e+00;-3.668122e-01
-1.000000e+00;-3.668122e-01
-9.646946e-01;-3.948601e-01
-9.669173e-01;-3.939473e-01
-9.757650e-01;-3.940493e-01
-9.130848e-01;-4.166561e-01
-9.184080e-01;-4.158823e-01
-9.213286e-01;-4.161537e-01
-9.142631e-01;-4.236417e-01
-9.189060e-01;-4.267025e-01
-9.332844e-01;-4.187664e-01
-9.585257e-01;-4.192374e-01
-9.214390e-01;-4.188899e-01
-8.126628e-01;-4.385532e-01
-8.126628e-01;-4.385532e-01
-6.430640e-01;-3.574770e-01
-6.168767e-01;-3.435301e-01
-6.168767e-01;-3.435301e-01
-9.596187e-02;5.705460e-02
-6.532888e-02;7.609666e-02
-6.532888e-02;7.609666e-02
-1.547553e-02;-1.070002e-02
-1.063228e-02;-2.161063e-02
-1.063228e-02;-2.161063e-02
6.542100e-03;-4.046960e-02
1.648909e-02;-5.524064e-02
1.648909e-02;-5.524064e-02
-3.112706e-03;-2.269973e-02
-3.028836e-03;-2.591586e-02
4.744836e-03;-2.523789e-02
-5.253882e-02;-4.784422e-03
-4.796892e-02;-5.608062e-03
-4.587976e-02;-4.657455e-03
-4.337335e-02;-2.741385e-04
-3.967476e-02;-5.843458e-03
-2.731980e-02;-1.908242e-02
-2.480356e-02;-8.666875e-03
-2.406846e-02;-9.330723e-03
-2.495403e-02;-1.049226e-02
-2.495403e-02;-1.049226e-02
-2.177237e-02;-1.340293e-02
-2.159702e-02;-1.460506e-02
-2.159702e-02;-1.460506e-02
-2.077429e-02;-1.652792e-02
-1.908920e-02;-2.394775e-02
-1.908920e-02;-2.394775e-02
-1.616585e-02;-3.308084e-02
6.222476e-03;-3.675660e-02
6.222476e-03;-3.675660e-02
5.981989e-03;-3.756877e-02
7.911353e-03;-4.051059e-02
7.911353e-03;-4.051059e-02
8.093245e-03;7.472169e-03
8.126498e-03;1.825193e-03
4.382460e-03;-2.210697e-02
4.785298e-02;1.304626e-01
4.219107e-02;1.033881e-01
3.046538e-02;4.644387e-02
7.456955e-02;2.012128e-01
6.591007e-02;1.136064e-01
5.838946e-02;5.643484e-03
9.218934e-02;5.619746e-01
9.129931e-02;5.291099e-01
8.955890e-02;5.015215e-01
8.955890e-02;5.015215e-01
8.429709e-02;4.841077e-01
8.341357e-02;4.658402e-01
8.341357e-02;4.658402e-01
8.330155e-02;4.522752e-01
8.287963e-02;4.529058e-01
8.287963e-02;4.529058e-01
7.811891e-02;4.378632e-01
7.923652e-02;4.216896e-01
7.923652e-02;4.216896e-01
7.216429e-02;3.699011e-01
7.157043e-02;3.700029e-01
7.157043e-02;3.700029e-01
6.663316e-02;3.816713e-01
6.282609e-02;3.787211e-01
6.630433e-02;3.953149e-01
2.773170e-02;2.666043e-01
3.123380e-02;2.867020e-01
3.942869e-02;3.334556e-01
7.743627e-03;2.700361e-01
1.091165e-02;3.407910e-01
1.761749e-02;4.477682e-01
-1.017660e-02;-9.987715e-02
-9.406791e-03;-6.702412e-02
-5.979618e-03;-3.804060e-02
-5.979618e-03;-3.804060e-02
-1.354751e-03;-1.896319e-02
1.678938e-03;1.974705e-05
1.678938e-03;1.974705e-05
1.761140e-03;1.538377e-02
2.620097e-03;2.026815e-02
2.620097e-03;2.026815e-02
7.653733e-03;4.064320e-02
4.391132e-03;5.704610e-02
4.391132e-03;5.704610e-02
9.921504e-03;1.093602e-01
1.032260e-02;1.183268e-01
1.032260e-02;1.183268e-01
5.676194e-02;-3.579625e-03
6.066583e-02;8.387944e-03
5.867073e-02;1.819177e-02
6.045003e-02;-7.794787e-03
6.191319e-02;-1.061787e-04
6.408803e-02;1.347738e-02
6.551741e-02;-7.717810e-02
6.584716e-02;-5.587562e-02
6.097990e-02;-5.774204e-02
1.771160e-01;4.332432e-01
1.635935e-01;3.937660e-01
1.535217e-01;3.186084e-01
1.535217e-01;3.186084e-01
1.493951e-01;3.051833e-01
1.416453e-01;2.790692e-01
1.416453e-01;2.790692e-01
1.355257e-01;2.545792e-01
1.235471e-01;2.096946e-01
1.235471e-01;2.096946e-01
1.229175e-01;1.950964e-01
1.250166e-01;1.900735e-01
1.250166e-01;1.900735e-01
1.228779e-01;1.774110e-01
9.968013e-02;6.760251e-02
4.242424e-01;6.887641e-17
4.242424e-01;6.887641e-17
4.242424e-01;6.887641e-17
4.242424e-01;6.887641e-17
4.242424e-01;6.887641e-17
4.242424e-01;6.887641e-17
4.242424e-01;6.887641e-17
4.242424e-01;6.887641e-17
4.242424e-01;6.887641e-17
3.736572e-01;7.004353e-02
3.736572e-01;7.004353e-02
3.736572e-01;7.004353e-02
3.736572e-01;7.004353e-02
3.736572e-01;7.004353e-02
3.736572e-01;7.004353e-02
3.736572e-01;7.004353e-02
3.736572e-01;7.004353e-02
3.736572e-01;7.004353e-02
7.777778e-02;1.446917e-17
7.777778e-02;1.446917e-17
1.088560e-02;-7.702770e-02
1.088560e-02;-7.702770e-02
1.088560e-02;-7.702770e-02
-1.963644e-01;-2.793765e-01
-1.963644e-01;-2.793765e-01
-1.963644e-01;-2.793765e-01
-2.126471e-01;-3.887116e-01
-2.126471e-01;-3.887116e-01
-2.126471e-01;-3.887116e-01
-1.908547e-01;-3.549960e-01
-1.908547e-01;-3.549960e-01
-2.141239e-01;-3.187788e-01
-2.141239e-01;-3.187788e-01
-2.141239e-01;-3.187788e-01
-2.229724e-01;-3.360219e-01
-2.229724e-01;-3.360219e-01
-2.229724e-01;-3.360219e-01
-2.823356e-01;-3.314980e-01
-2.823356e-01;-3.314980e-01
-2.823356e-01;-3.314980e-01
-2.973585e-01;-3.127346e-01
-2.973585e-01;-3.127346e-01
-3.104176e-01;-5.811656e-01
-3.587989e-01;-5.928069e-01
-3.587989e-01;-5.928069e-01
-3.016278e-01;-5.027000e-01
-3.016278e-01;-5.027000e-01
-3.016278e-01;-5.027000e-01
-1.083953e-01;-2.755204e-01
-1.083953e-01;-2.755204e-01
-1.083953e-01;-2.755204e-01
-9.683114e-02;-1.595616e-01
-9.683114e-02;-1.595616e-01
-9.683114e-02;-1.595616e-01
-9.090612e-02;-2.010938e-01
-9.090612e-02;-2.010938e-01
-7.816748e-02;-2.361348e-01
-7.816748e-02;-2.361348e-01
-7.816748e-02;-2.361348e-01
-7.157021e-02;-2.170211e-01
-7.157021e-02;-2.170211e-01
-7.157021e-02;-2.170211e-01
-2.937055e-02;-2.121892e-01
-2.937055e-02;-2.121892e-01
-2.937055e-02;-2.121892e-01
-2.720479e-02;-2.116732e-01
-2.720479e-02;-2.116732e-01
-2.258944e-02;6.559692e-02
-2.677955e-02;6.232532e-02
-2.677955e-02;6.232532e-02
-2.130742e-02;3.289960e-02
-2.130742e-02;3.289960e-02
-2.130742e-02;3.289960e-02
-1.306493e-02;-3.661323e-02
-1.306493e-02;-3.661323e-02
-1.306493e-02;-3.661323e-02
-1.073259e-02;-1.820774e-01
-1.073259e-02;-1.820774e-01
-1.073259e-02;-1.820774e-01
-3.075042e-02;-1.517502e-01
-3.075042e-02;-1.517502e-01
-5.224021e-02;-1.492717e-01
-5.224021e-02;-1.492717e-01
-5.224021e-02;-1.492717e-01
-5.737138e-02;-1.498534e-01
-5.737138e-02;-1.498534e-01
-5.737138e-02;-1.498534e-01
-4.577786e-02;-1.598516e-01
4.444444e-02;3.991835e-18
4.444444e-02;3.991835e-18
7.932461e-03;-6.422777e-02
7.932461e-03;-6.422777e-02
7.932461e-03;-6.422777e-02
-9.199077e-02;-1.505945e-01
-9.199077e-02;-1.505945e-01
-9.199077e-02;-1.505945e-01
-1.026726e-01;-2.014913e-01
-1.026726e-01;-2.014913e-01
-1.026726e-01;-2.014913e-01
-8.895630e-02;-1.969115e-01
-8.895630e-02;-1.969115e-01
-1.057041e-01;-1.666688e-01
-1.057041e-01;-1.666688e-01
-1.057041e-01;-1.666688e-01
-1.085145e-01;-1.868146e-01
-1.085145e-01;-1.868146e-01
-1.085145e-01;-1.868146e-01
-1.488967e-01;-1.765120e-01
-1.488967e-01;-1.765120e-01
-1.488967e-01;-1.765120e-01
-1.592763e-01;-1.649051e-01
-1.592763e-01;-1.649051e-01
-1.645089e-01;-3.328270e-01
-1.929624e-01;-3.379741e-01
-1.929624e-01;-3.379741e-01
-1.632317e-01;-2.652485e-01
-1.632317e-01;-2.652485e-01
-1.632317e-01;-2.652485e-01
-7.313804e-02;-1.595230e-01
-7.313804e-02;-1.595230e-01
-7.313804e-02;-1.595230e-01
-6.534155e-02;-1.043910e-01
-6.534155e-02;-1.043910e-01
-6.534155e-02;-1.043910e-01
-6.011217e-02;-1.119111e-01
-6.011217e-02;-1.119111e-01
-4.636434e-02;-1.412945e-01
-4.636434e-02;-1.412945e-01
-4.636434e-02;-1.412945e-01
-4.488388e-02;-1.198481e-01
-4.488388e-02;-1.198481e-01
-4.488388e-02;-1.198481e-01
-1.390313e-02;-1.256548e-01
-1.390313e-02;-1.256548e-01
-1.390313e-02;-1.256548e-01
-1.382614e-02;-1.199129e-01
-1.382614e-02;-1.199129e-01
-1.305882e-02;5.176520e-02
-8.967870e-03;3.934222e-02
-8.967870e-03;3.934222e-02
-5.124462e-03;2.021070e-02
-5.124462e-03;2.021070e-02
-5.124462e-03;2.021070e-02
1.189736e-03;-2.463075e-02
1.189736e-03;-2.463075e-02
1.189736e-03;-2.463075e-02
3.250667e-03;-1.237444e-01
3.250667e-03;-1.237444e-01
3.250667e-03;-1.237444e-01
-1.029505e-02;-1.008073e-01
-1.029505e-02;-1.008073e-01
-2.449583e-02;-9.895948e-02
-2.449583e-02;-9.895948e-02
-2.449583e-02;-9.895948e-02
-2.840045e-02;-9.974907e-02
-2.840045e-02;-9.974907e-02
-2.840045e-02;-9.974907e-02
-2.365791e-02;-1.046082e-01
1.000000e-01;1.498170e-17
1.000000e-01;1.498170e-17
-1.466860e-01;-5.313339e-01
-1.466860e-01;-5.313339e-01
-1.466860e-01;-5.313339e-01
-5.188490e-01;-8.792640e-01
-5.188490e-01;-8.792640e-01
-5.188490e-01;-8.792640e-01
-5.647102e-01;-1.000000e+00
-5.647102e-01;-1.000000e+00
-5.647102e-01;-1.000000e+00
-5.260902e-01;-9.581041e-01
-5.260902e-01;-9.581041e-01
-5.547145e-01;-9.432176e-01
-5.547145e-01;-9.432176e-01
-5.547145e-01;-9.432176e-01
-5.737715e-01;-9.665981e-01
-5.737715e-01;-9.665981e-01
-5.737715e-01;-9.665981e-01
-7.380608e-01;-9.497338e-01
-7.380608e-01;-9.497338e-01
-7.380608e-01;-9.497338e-01
-7.771113e-01;-9.666546e-01
-7.771113e-01;-9.666546e-01
-7.993402e-01;-1.000000e+00
-8.575807e-01;-9.752012e-01
-8.575807e-01;-9.752012e-01
-6.475741e-01;-7.811492e-01
-6.475741e-01;-7.811492e-01
-6.475741e-01;-7.811492e-01
-3.095825e-01;-6.461818e-01
-3.095825e-01;-6.461818e-01
-3.095825e-01;-6.461818e-01
-2.747715e-01;-2.445322e-01
-2.747715e-01;-2.445322e-01
-2.747715e-01;-2.445322e-01
-2.326068e-01;-2.788286e-01
-2.326068e-01;-2.788286e-01
-2.233968e-01;-2.871241e-01
-2.233968e-01;-2.871241e-01
-2.233968e-01;-2.871241e-01
-2.112346e-01;-2.706140e-01
-2.112346e-01;-2.706140e-01
-2.112346e-01;-2.706140e-01
-7.075724e-02;-2.788553e-01
-7.075724e-02;-2.788553e-01
-7.075724e-02;-2.788553e-01
-5.046054e-02;-2.585193e-01
-5.046054e-02;-2.585193e-01
-5.033927e-02;8.166347e-02
-5.255506e-02;4.521816e-02
-5.255506e-02;4.521816e-02
-2.452626e-02;1.702304e-02
-2.452626e-02;1.702304e-02
-2.452626e-02;1.702304e-02
-8.241231e-04;-4.187761e-02
-8.241231e-04;-4.187761e-02
-8.241231e-04;-4.187761e-02
7.747575e-05;-2.090191e-01
7.747575e-05;-2.090191e-01
7.747575e-05;-2.090191e-01
-6.407575e-02;-1.790865e-01
-6.407575e-02;-1.790865e-01
-9.768907e-02;-1.795183e-01
-9.768907e-02;-1.795183e-01
-9.768907e-02;-1.795183e-01
-1.062023e-01;-1.791682e-01
-1.062023e-01;-1.791682e-01
-1.062023e-01;-1.791682e-01
-9.603840e-02;-1.801713e-01
4.444444e-02;3.991835e-18
4.444444e-02;3.991835e-18
8.205207e-03;-5.617912e-02
8.205207e-03;-5.617912e-02
8.205207e-03;-5.617912e-02
-5.753941e-02;-1.159042e-01
-5.753941e-02;-1.159042e-01
-5.753941e-02;-1.159042e-01
-6.833127e-02;-1.663890e-01
-6.833127e-02;-1.663890e-01
-6.833127e-02;-1.663890e-01
-5.618094e-02;-1.548387e-01
-5.618094e-02;-1.548387e-01
-6.576152e-02;-1.388410e-01
-6.576152e-02;-1.388410e-01
-6.576152e-02;-1.388410e-01
-6.968449e-02;-1.527921e-01
-6.968449e-02;-1.527921e-01
-6.968449e-02;-1.527921e-01
-1.068192e-01;-1.523173e-01
-1.068192e-01;-1.523173e-01
-1.068192e-01;-1.523173e-01
-1.153442e-01;-1.435920e-01
-1.153442e-01;-1.435920e-01
-1.192675e-01;-2.493502e-01
-1.423471e-01;-2.744473e-01
-1.423471e-01;-2.744473e-01
-1.114984e-01;-2.121843e-01
-1.114984e-01;-2.121843e-01
-1.114984e-01;-2.121843e-01
-5.658436e-02;-1.313746e-01
-5.658436e-02;-1.313746e-01
-5.658436e-02;-1.313746e-01
-4.988910e-02;-7.434222e-02
-4.988910e-02;-7.434222e-02
-4.988910e-02;-7.434222e-02
-4.938074e-02;-9.106450e-02
-4.938074e-02;-9.106450e-02
-4.247955e-02;-1.066777e-01
-4.247955e-02;-1.066777e-01
-4.247955e-02;-1.066777e-01
-3.953472e-02;-9.232278e-02
-3.953472e-02;-9.232278e-02
-3.953472e-02;-9.232278e-02
-1.077690e-02;-8.890315e-02
-1.077690e-02;-8.890315e-02
-1.077690e-02;-8.890315e-02
-1.310721e-02;-8.127419e-02
-1.310721e-02;-8.127419e-02
-1.469823e-02;3.037502e-02
-1.314890e-02;3.938146e-02
-1.314890e-02;3.938146e-02
-1.109812e-02;2.264071e-02
-1.109812e-02;2.264071e-02
-1.109812e-02;2.264071e-02
-2.405082e-03;-1.228632e-02
-2.405082e-03;-1.228632e-02
-2.405082e-03;-1.228632e-02
1.064455e-03;-6.592729e-02
1.064455e-03;-6.592729e-02
1.064455e-03;-6.592729e-02
-5.098051e-03;-4.057523e-02
-5.098051e-03;-4.057523e-02
-2.924398e-02;-3.803687e-02
-2.924398e-02;-3.803687e-02
-2.924398e-02;-3.803687e-02
-3.270954e-02;-3.766410e-02
-3.270954e-02;-3.766410e-02
-3.270954e-02;-3.766410e-02
-2.827110e-02;-4.164551e-02
9.090909e-02;1.075331e-17
9.090909e-02;1.075331e-17
-2.160568e-02;-5.983123e-02
-2.160568e-02;-5.983123e-02
-2.160568e-02;-5.983123e-02
-2.855618e-01;-2.956786e-01
-2.855618e-01;-2.956786e-01
-2.855618e-01;-2.956786e-01
-3.003286e-01;-4.791668e-01
-3.003286e-01;-4.791668e-01
-3.003286e-01;-4.791668e-01
-2.773258e-01;-4.592426e-01
-2.773258e-01;-4.592426e-01
-3.055002e-01;-4.128677e-01
-3.055002e-01;-4.128677e-01
-3.055002e-01;-4.128677e-01
-3.150837e-01;-4.367168e-01
-3.150837e-01;-4.367168e-01
-3.150837e-01;-4.367168e-01
-3.767562e-01;-4.375875e-01
-3.767562e-01;-4.375875e-01
-3.767562e-01;-4.375875e-01
-3.938993e-01;-4.163239e-01
-3.938993e-01;-4.163239e-01
-4.084138e-01;-8.784510e-01
-4.693797e-01;-8.929707e-01
-4.693797e-01;-8.929707e-01
-3.673537e-01;-8.182660e-01
-3.673537e-01;-8.182660e-01
-3.673537e-01;-8.182660e-01
-1.182352e-01;-5.547831e-01
-1.182352e-01;-5.547831e-01
-1.182352e-01;-5.547831e-01
-1.081457e-01;-3.643059e-01
-1.081457e-01;-3.643059e-01
-1.081457e-01;-3.643059e-01
-1.043255e-01;-3.913742e-01
-1.043255e-01;-3.913742e-01
-8.514017e-02;-4.366602e-01
-8.514017e-02;-4.366602e-01
-8.514017e-02;-4.366602e-01
-7.783531e-02;-4.108221e-01
-7.783531e-02;-4.108221e-01
-7.783531e-02;-4.108221e-01
-3.388969e-02;-4.000613e-01
-3.388969e-02;-4.000613e-01
-3.388969e-02;-4.000613e-01
-3.057590e-02;-3.995201e-01
-3.057590e-02;-3.995201e-01
-2.401400e-02;7.054839e-02
-2.855183e-02;6.839556e-02
-2.855183e-02;6.839556e-02
-2.227420e-02;3.321444e-02
-2.227420e-02;3.321444e-02
-2.227420e-02;3.321444e-02
-1.327371e-02;-4.136315e-02
-1.327371e-02;-4.136315e-02
-1.327371e-02;-4.136315e-02
-1.100505e-02;-1.879906e-01
-1.100505e-02;-1.879906e-01
-1.100505e-02;-1.879906e-01
-3.038589e-02;-1.566314e-01
-3.038589e-02;-1.566314e-01
-5.469876e-02;-1.542844e-01
-5.469876e-02;-1.542844e-01
-5.469876e-02;-1.542844e-01
-5.980933e-02;-1.551204e-01
-5.980933e-02;-1.551204e-01
-5.980933e-02;-1.551204e-01
-4.753671e-02;-1.655357e-01
9.090909e-02;1.075331e-17
9.090909e-02;1.075331e-17
-2.160568e-02;-5.983123e-02
-2.160568e-02;-5.983123e-02
-2.160568e-02;-5.983123e-02
-2.855618e-01;-2.956786e-01
-2.855618e-01;-2.956786e-01
-2.855618e-01;-2.956786e-01
-3.003286e-01;-4.791668e-01
-3.003286e-01;-4.791668e-01
-3.003286e-01;-4.791668e-01
-2.773258e-01;-4.592426e-01
-2.773258e-01;-4.592426e-01
-3.055002e-01;-4.128677e-01
-3.055002e-01;-4.128677e-01
-3.055002e-01;-4.128677e-01
-3.150837e-01;-4.367168e-01
-3.150837e-01;-4.367168e-01
-3.150837e-01;-4.367168e-01
-3.767562e-01;-4.375875e-01
-3.767562e-01;-4.375875e-01
-3.767562e-01;-4.375875e-01
-3.938993e-01;-4.163239e-01
-3.938993e-01;-4.163239e-01
-4.084138e-01;-8.784510e-01
-4.693797e-01;-8.929707e-01
-4.693797e-01;-8.929707e-01
-3.673537e-01;-8.182660e-01
-3.673537e-01;-8.182660e-01
-3.673537e-01;-8.182660e-01
-1.182352e-01;-5.547831e-01
-1.182352e-01;-5.547831e-01
-1.182352e-01;-5.547831e-01
-1.081457e-01;-3.643059e-01
-1.081457e-01;-3.643059e-01
-1.081457e-01;-3.643059e-01
-1.043255e-01;-3.913742e-01
-1.043255e-01;-3.913742e-01
-8.514017e-02;-4.366602e-01
-8.514017e-02;-4.366602e-01
-8.514017e-02;-4.366602e-01
-7.783531e-02;-4.108221e-01
-7.783531e-02;-4.108221e-01
-7.783531e-02;-4.108221e-01
-3.388969e-02;-4.000613e-01
-3.388969e-02;-4.000613e-01
-3.388969e-02;-4.000613e-01
-3.057590e-02;-3.995201e-01
-3.057590e-02;-3.995201e-01
-2.401400e-02;7.054839e-02
-2.855183e-02;6.839556e-02
-2.855183e-02;6.839556e-02
-2.227420e-02;3.321444e-02
-2.227420e-02;3.321444e-02
-2.227420e-02;3.321444e-02
-1.327371e-02;-4.136315e-02
-1.327371e-02;-4.136315e-02
-1.327371e-02;-4.136315e-02
-1.100505e-02;-1.879906e-01
-1.100505e-02;-1.879906e-01
-1.100505e-02;-1.879906e-01
-3.038589e-02;-1.566314e-01
-3.038589e-02;-1.566314e-01
-5.469876e-02;-1.542844e-01
-5.469876e-02;-1.542844e-01
-5.469876e-02;-1.542844e-01
-5.980933e-02;-1.551204e-01
-5.980933e-02;-1.551204e-01
-5.980933e-02;-1.551204e-01
-4.753671e-02;-1.655357e-01
6.250000e-02;2.809069e-18
6.250000e-02;2.809069e-18
-1.016825e-02;-7.397031e-02
-1.016825e-02;-7.397031e-02
-1.016825e-02;-7.397031e-02
-2.092252e-01;-2.638702e-01
-2.092252e-01;-2.638702e-01
-2.092252e-01;-2.638702e-01
-2.233668e-01;-3.787962e-01
-2.233668e-01;-3.787962e-01
-2.233668e-01;-3.787962e-01
-2.018824e-01;-3.577092e-01
-2.018824e-01;-3.577092e-01
-2.222660e-01;-3.266361e-01
-2.222660e-01;-3.266361e-01
-2.222660e-01;-3.266361e-01
-2.305280e-01;-3.471792e-01
-2.305280e-01;-3.471792e-01
-2.305280e-01;-3.471792e-01
-2.830721e-01;-3.508191e-01
-2.830721e-01;-3.508191e-01
-2.830721e-01;-3.508191e-01
-2.977950e-01;-3.319172e-01
-2.977950e-01;-3.319172e-01
-3.093529e-01;-6.267513e-01
-3.462745e-01;-6.333670e-01
-3.462745e-01;-6.333670e-01
-2.832210e-01;-5.463079e-01
-2.832210e-01;-5.463079e-01
-2.832210e-01;-5.463079e-01
-9.608143e-02;-3.350788e-01
-9.608143e-02;-3.350788e-01
-9.608143e-02;-3.350788e-01
-8.652656e-02;-2.133078e-01
-8.652656e-02;-2.133078e-01
-8.652656e-02;-2.133078e-01
-8.181478e-02;-2.413886e-01
-8.181478e-02;-2.413886e-01
-6.938468e-02;-2.713863e-01
-6.938468e-02;-2.713863e-01
-6.938468e-02;-2.713863e-01
-6.329301e-02;-2.490545e-01
-6.329301e-02;-2.490545e-01
-6.329301e-02;-2.490545e-01
-2.735137e-02;-2.361301e-01
-2.735137e-02;-2.361301e-01
-2.735137e-02;-2.361301e-01
-2.555506e-02;-2.350217e-01
-2.555506e-02;-2.350217e-01
-2.163283e-02;6.717266e-02
-2.255947e-02;5.843126e-02
-2.255947e-02;5.843126e-02
-1.707810e-02;2.896803e-02
-1.707810e-02;2.896803e-02
-1.707810e-02;2.896803e-02
-1.091536e-02;-3.791260e-02
-1.091536e-02;-3.791260e-02
-1.091536e-02;-3.791260e-02
-8.672747e-03;-1.767120e-01
-8.672747e-03;-1.767120e-01
-8.672747e-03;-1.767120e-01
-2.748972e-02;-1.471790e-01
-2.748972e-02;-1.471790e-01
-4.987534e-02;-1.449212e-01
-4.987534e-02;-1.449212e-01
-4.987534e-02;-1.449212e-01
-5.494471e-02;-1.455838e-01
-5.494471e-02;-1.455838e-01
-5.494471e-02;-1.455838e-01
-4.369507e-02;-1.553925e-01
6.250000e-02;2.809069e-18
6.250000e-02;2.809069e-18
4.067135e-03;-1.758226e-02
4.067135e-03;-1.758226e-02
4.067135e-03;-1.758226e-02
-1.039846e-01;-1.703589e-01
-1.039846e-01;-1.703589e-01
-1.039846e-01;-1.703589e-01
-1.167164e-01;-2.572479e-01
-1.167164e-01;-2.572479e-01
-1.167164e-01;-2.572479e-01
-9.376682e-02;-2.485439e-01
-9.376682e-02;-2.485439e-01
-1.096802e-01;-2.263222e-01
-1.096802e-01;-2.263222e-01
-1.096802e-01;-2.263222e-01
-1.164454e-01;-2.443642e-01
-1.164454e-01;-2.443642e-01
-1.164454e-01;-2.443642e-01
-1.673798e-01;-2.407089e-01
-1.673798e-01;-2.407089e-01
-1.673798e-01;-2.407089e-01
-1.813660e-01;-2.253645e-01
-1.813660e-01;-2.253645e-01
-1.918033e-01;-3.733987e-01
-2.294886e-01;-3.787403e-01
-2.294886e-01;-3.787403e-01
-1.807571e-01;-3.481549e-01
-1.807571e-01;-3.481549e-01
-1.807571e-01;-3.481549e-01
-8.649440e-02;-1.702237e-01
-8.649440e-02;-1.702237e-01
-8.649440e-02;-1.702237e-01
-7.881829e-02;-7.565864e-02
-7.881829e-02;-7.565864e-02
-7.881829e-02;-7.565864e-02
-7.406412e-02;-9.287423e-02
-7.406412e-02;-9.287423e-02
-6.420374e-02;-1.139742e-01
-6.420374e-02;-1.139742e-01
-6.420374e-02;-1.139742e-01
-5.975775e-02;-9.401189e-02
-5.975775e-02;-9.401189e-02
-5.975775e-02;-9.401189e-02
-2.515380e-02;-8.842985e-02
-2.515380e-02;-8.842985e-02
-2.515380e-02;-8.842985e-02
-2.405180e-02;-8.428065e-02
-2.405180e-02;-8.428065e-02
-2.115250e-02;7.105694e-02
-2.050532e-02;6.236528e-02
-2.050532e-02;6.236528e-02
-1.514463e-02;3.618152e-02
-1.514463e-02;3.618152e-02
-1.514463e-02;3.618152e-02
-7.430189e-03;-2.347635e-02
-7.430189e-03;-2.347635e-02
-7.430189e-03;-2.347635e-02
-4.867496e-03;-1.539097e-01
-4.867496e-03;-1.539097e-01
-4.867496e-03;-1.539097e-01
-2.483016e-02;-1.213221e-01
-2.483016e-02;-1.213221e-01
-4.599887e-02;-1.189427e-01
-4.599887e-02;-1.189427e-01
-4.599887e-02;-1.189427e-01
-5.067562e-02;-1.197116e-01
-5.067562e-02;-1.197116e-01
-5.067562e-02;-1.197116e-01
-3.996946e-02;-1.294840e-01
